1.10061 1.1135
1.10041 1.11283
1.1001 1.11176
1.09971 1.11035
1.09929 1.10867
1.09888 1.1068
1.09854 1.10483
1.09828 1.10285
1.09815 1.10094
1.09814 1.09916
1.09825 1.09756
1.09845 1.09615
1.09871 1.09495
1.09899 1.09395
1.09926 1.09315
1.09948 1.09252
1.09964 1.09206
1.09971 1.09176
1.09969 1.09162
1.09958 1.09164
1.0994 1.09181
1.09917 1.09215
1.09891 1.09267
1.09865 1.09337
1.09842 1.09424
1.09823 1.09529
1.09812 1.09647
1.09808 1.09777
1.09811 1.09913
1.0982 1.10049
1.09832 1.10181
1.09846 1.10302
1.09858 1.10406
1.09867 1.10489
1.09869 1.10549
1.09866 1.10582
1.09855 1.10589
1.09839 1.10571
1.09818 1.1053
1.09794 1.10469
1.0977 1.10393
1.09747 1.10307
1.09727 1.10214
1.09712 1.10119
1.09701 1.10024
1.09696 1.09934
1.09693 1.09848
1.09693 1.09769
1.09692 1.09695
1.0969 1.09626
1.09684 1.09562
1.09672 1.095
1.09652 1.09441
1.09624 1.09382
1.09586 1.09324
1.09536 1.09263
1.09475 1.09201
1.09402 1.09135
1.09315 1.09065
1.09213 1.08987
1.09096 1.08901
1.0896 1.08803
1.08803 1.08689
1.08621 1.08553
1.08408 1.08388
1.08157 1.08183
1.07858 1.07926
1.075 1.07603
1.07066 1.07194
1.06541 1.06679
1.05902 1.06032
1.05124 1.05222
1.04177 1.04217
1.0303 1.02983
1.01656 1.01496
1.00048 0.997518
0.982269 0.977838
0.962478 0.956577
0.941852 0.93458
0.921179 0.912671
0.901174 0.891559
0.882443 0.871816
0.865441 0.853874
0.850428 0.837994
0.837453 0.824255
0.826387 0.81258
0.817001 0.802785
0.809027 0.794638
0.802215 0.787901
0.796359 0.782351
0.791298 0.777795
0.786916 0.774066
0.783129 0.771028
0.779871 0.768565
0.777089 0.766578
0.774732 0.764983
0.772752 0.763709
0.771102 0.762695
0.769735 0.761891
0.768612 0.761253

Salidas test: 
0 0 1 
0.159186 0.414067 0.426747 
1 0 0 
0.574666 0.213076 0.212259 
0 1 0 
0.159194 0.414048 0.426758 
1 0 0 
0.575155 0.212696 0.212148 
1 0 0 
0.159197 0.41404 0.426763 
0 1 0 
0.15926 0.413903 0.426837 
1 0 0 
0.159538 0.413363 0.427098 
0 0 1 
0.159188 0.414063 0.42675 
1 0 0 
0.15928 0.41386 0.42686 
1 0 0 
0.159209 0.414014 0.426777 
1 0 0 
0.159271 0.413879 0.42685 
0 1 0 
0.159204 0.414024 0.426771 
0 1 0 
0.574309 0.213344 0.212347 
0 0 1 
0.159276 0.413869 0.426855 
0 1 0 
0.159189 0.414059 0.426752 

Aciertos: 5/15 = 33.3333%

Salidas training: 
0 0 1 
0.159907 0.412497 0.427596 
1 0 0 
0.574173 0.213476 0.212352 
0 0 1 
0.159919 0.41247 0.427611 
1 0 0 
0.574787 0.212999 0.212214 
0 0 1 
0.159924 0.412458 0.427618 
0 1 0 
0.16001 0.412274 0.427717 
0 1 0 
0.160379 0.411573 0.428048 
0 0 1 
0.15991 0.41249 0.4276 
0 1 0 
0.160038 0.412215 0.427747 
0 0 1 
0.15994 0.412422 0.427638 
0 1 0 
0.160025 0.412241 0.427734 
0 0 1 
0.159934 0.412437 0.42763 
1 0 0 
0.573746 0.213797 0.212457 
0 1 0 
0.160032 0.412228 0.42774 
0 0 1 
0.159913 0.412485 0.427603 
1 0 0 
0.574467 0.213247 0.212285 
0 0 1 
0.159909 0.412494 0.427598 
0 0 1 
0.159924 0.412458 0.427618 
0 0 1 
0.159914 0.412482 0.427604 
1 0 0 
0.5738 0.213753 0.212447 
0 0 1 
0.159909 0.412493 0.427598 
0 0 1 
0.159916 0.412476 0.427607 
0 0 1 
0.159907 0.412498 0.427595 
0 1 0 
0.160101 0.41209 0.427809 
0 0 1 
0.159911 0.412487 0.427601 
0 0 1 
0.15992 0.412468 0.427612 
0 0 1 
0.159927 0.412452 0.427621 
1 0 0 
0.574633 0.213121 0.212246 
0 1 0 
0.159929 0.412447 0.427624 
1 0 0 
0.575173 0.21269 0.212138 
0 1 0 
0.16002 0.412252 0.427728 
0 0 1 
0.159934 0.412435 0.42763 
1 0 0 
0.574734 0.213041 0.212224 
0 0 1 
0.15992 0.412468 0.427612 
0 1 0 
0.160037 0.412216 0.427747 
1 0 0 
0.575284 0.212598 0.212118 
1 0 0 
0.574765 0.213016 0.212219 
0 1 0 
0.159976 0.412343 0.42768 
0 1 0 
0.15994 0.412423 0.427637 
0 1 0 
0.159947 0.412407 0.427646 
1 0 0 
0.575042 0.212795 0.212163 
0 0 1 
0.159908 0.412494 0.427597 
0 1 0 
0.160178 0.411939 0.427883 
0 0 1 
0.159917 0.412474 0.427609 
0 1 0 
0.160098 0.412094 0.427808 
1 0 0 
0.574193 0.213459 0.212349 
0 1 0 
0.159998 0.412298 0.427704 
1 0 0 
0.575316 0.212572 0.212112 
0 1 0 
0.159976 0.412345 0.427679 
1 0 0 
0.574208 0.213447 0.212345 
0 1 0 
0.161089 0.410363 0.428547 
1 0 0 
0.574488 0.213232 0.21228 
0 0 1 
0.159913 0.412483 0.427604 
0 1 0 
0.160077 0.412137 0.427787 
1 0 0 
0.573742 0.2138 0.212458 
0 1 0 
0.159974 0.412348 0.427678 
1 0 0 
0.574675 0.213086 0.21224 
1 0 0 
0.574686 0.213078 0.212236 
0 0 1 
0.159905 0.412503 0.427593 
1 0 0 
0.574521 0.213206 0.212273 
0 1 0 
0.159938 0.412426 0.427635 
1 0 0 
0.573517 0.213963 0.21252 
0 0 1 
0.159909 0.412493 0.427598 
1 0 0 
0.574666 0.213094 0.212241 
1 0 0 
0.574661 0.213097 0.212242 
1 0 0 
0.57454 0.213192 0.212268 
0 1 0 
0.159929 0.412447 0.427624 
0 0 1 
0.159908 0.412495 0.427597 
0 1 0 
0.160445 0.411455 0.4281 
0 1 0 
0.159961 0.412376 0.427663 
0 0 1 
0.159902 0.412508 0.42759 
1 0 0 
0.574678 0.213084 0.212238 
0 0 1 
0.159923 0.412461 0.427616 
0 0 1 
0.159918 0.412471 0.42761 
0 0 1 
0.159912 0.412485 0.427603 
0 1 0 
0.159981 0.412333 0.427686 
1 0 0 
0.574049 0.213567 0.212384 
1 0 0 
0.574907 0.212903 0.212189 
0 0 1 
0.159908 0.412495 0.427597 
1 0 0 
0.574711 0.213059 0.21223 
0 0 1 
0.159949 0.412402 0.427649 
1 0 0 
0.574363 0.213327 0.21231 
0 1 0 
0.160098 0.412095 0.427808 
0 1 0 
0.160089 0.412112 0.427799 
0 0 1 
0.159913 0.412483 0.427604 
0 1 0 
0.160047 0.412197 0.427756 
1 0 0 
0.575166 0.212695 0.212139 
0 1 0 
0.160017 0.412258 0.427725 
0 0 1 
0.159911 0.412488 0.427601 
0 0 1 
0.15991 0.412491 0.427599 
0 1 0 
0.159992 0.41231 0.427698 
0 1 0 
0.159993 0.412308 0.427699 
0 1 0 
0.159992 0.412311 0.427697 
0 1 0 
0.160023 0.412245 0.427732 
1 0 0 
0.572863 0.21444 0.212696 
1 0 0 
0.574898 0.21291 0.212192 
0 0 1 
0.159913 0.412482 0.427604 
0 0 1 
0.159904 0.412504 0.427592 
0 1 0 
0.160481 0.411384 0.428134 
1 0 0 
0.574749 0.213029 0.212223 
1 0 0 
0.575086 0.21276 0.212154 
0 1 0 
0.159924 0.412459 0.427617 
0 0 1 
0.159924 0.412459 0.427617 
1 0 0 
0.574791 0.212995 0.212214 
0 0 1 
0.159917 0.412474 0.427609 
1 0 0 
0.574528 0.213203 0.212269 
1 0 0 
0.574783 0.213001 0.212216 
0 0 1 
0.159908 0.412495 0.427597 
0 1 0 
0.159926 0.412454 0.42762 
0 1 0 
0.160827 0.410792 0.42838 
1 0 0 
0.575012 0.212818 0.21217 
0 1 0 
0.160006 0.412281 0.427713 
0 1 0 
0.160098 0.412093 0.42781 
0 1 0 
0.159974 0.412349 0.427677 
0 0 1 
0.159914 0.41248 0.427605 
0 0 1 
0.159908 0.412495 0.427597 
0 1 0 
0.160072 0.412148 0.42778 
0 0 1 
0.159921 0.412465 0.427614 
1 0 0 
0.574956 0.212864 0.212181 
0 1 0 
0.160253 0.411804 0.427944 


Aciertos: 79/120 = 65.8333%

