1.09537 1.12327
1.0953 1.12313
1.09516 1.1229
1.09497 1.12258
1.09472 1.12218
1.09441 1.12169
1.09403 1.12111
1.09361 1.12044
1.09312 1.11968
1.09258 1.11884
1.09199 1.11792
1.09135 1.11692
1.09066 1.11583
1.08993 1.11468
1.08916 1.11345
1.08835 1.11216
1.08752 1.11081
1.08665 1.1094
1.08576 1.10795
1.08484 1.10644
1.08389 1.10488
1.08291 1.10327
1.08188 1.1016
1.08079 1.09987
1.07964 1.09807
1.07838 1.09618
1.07701 1.09419
1.07549 1.09207
1.07378 1.0898
1.07185 1.08735
1.06963 1.08469
1.06707 1.08177
1.06409 1.07854
1.06061 1.07496
1.05654 1.07096
1.05178 1.06649
1.04626 1.06149
1.0399 1.05592
1.03265 1.04976
1.02454 1.04302
1.01558 1.0357
1.0058 1.0278
0.99519 1.01922
0.983626 1.00977
0.970843 0.999054
0.956433 0.986512
0.939917 0.971483
0.920909 0.953395
0.899344 0.932064
0.875656 0.907966
0.850743 0.882258
0.825671 0.85644
0.801326 0.831814
0.778244 0.809135
0.756649 0.788622
0.736593 0.770179
0.718064 0.753617
0.701046 0.738761
0.685525 0.725473
0.671482 0.713646
0.65888 0.703183
0.647659 0.693981
0.637737 0.685934
0.629016 0.678925
0.621388 0.672835
0.61474 0.667547
0.608958 0.662948
0.603937 0.658935
0.599576 0.655417
0.595788 0.652316
0.592491 0.649565
0.589619 0.647108
0.587112 0.644899
0.584919 0.642903
0.582997 0.64109
0.581309 0.639436
0.579825 0.637923
0.578519 0.636533
0.577367 0.635256
0.57635 0.63408
0.575452 0.632996
0.574659 0.631996
0.573957 0.631073
0.573335 0.630222
0.572785 0.629437
0.572298 0.628713
0.571866 0.628044
0.571483 0.627428
0.571143 0.62686
0.570841 0.626336
0.570573 0.625853
0.570335 0.625408
0.570123 0.624998
0.569935 0.624621
0.569767 0.624273
0.569618 0.623952
0.569485 0.623657
0.569366 0.623385
0.56926 0.623135
0.569165 0.622904
0.569081 0.622691
0.569005 0.622496
0.568937 0.622315
0.568876 0.622149
0.568821 0.621996
0.568772 0.621855
0.568727 0.621725
0.568688 0.621605
0.568652 0.621495
0.568619 0.621393
0.56859 0.6213
0.568563 0.621213
0.568539 0.621134
0.568518 0.62106
0.568498 0.620993
0.56848 0.62093
0.568464 0.620873
0.568449 0.62082
0.568436 0.620771
0.568424 0.620726
0.568413 0.620685
0.568403 0.620647
0.568393 0.620612
0.568385 0.620579
0.568377 0.620549
0.56837 0.620522
0.568364 0.620496
0.568358 0.620473
0.568353 0.620452
0.568348 0.620432
0.568344 0.620413
0.568339 0.620397
0.568336 0.620381
0.568332 0.620367
0.568329 0.620354
0.568326 0.620342
0.568324 0.620331
0.568321 0.62032
0.568319 0.620311
0.568317 0.620302
0.568315 0.620294
0.568314 0.620287
0.568312 0.62028
0.568311 0.620274
0.568309 0.620268
0.568308 0.620263
0.568307 0.620258
0.568306 0.620254
0.568305 0.620249
0.568304 0.620246
0.568303 0.620242
0.568303 0.620239
0.568302 0.620236
0.568301 0.620233
0.568301 0.620231
0.5683 0.620229
0.5683 0.620227
0.5683 0.620225
0.568299 0.620223
0.568299 0.620221
0.568298 0.62022
0.568298 0.620218
0.568298 0.620217
0.568298 0.620216
0.568297 0.620215
0.568297 0.620214
0.568297 0.620213
0.568297 0.620212
0.568297 0.620211
0.568296 0.620211
0.568296 0.62021
0.568296 0.620209
0.568296 0.620209
0.568296 0.620208
0.568296 0.620208
0.568296 0.620207
0.568296 0.620207
0.568296 0.620207
0.568296 0.620206
0.568295 0.620206
0.568295 0.620206
0.568295 0.620206
0.568295 0.620205
0.568295 0.620205
0.568295 0.620205
0.568295 0.620205
0.568295 0.620205
0.568295 0.620204
0.568295 0.620204
0.568295 0.620204
0.568295 0.620204
0.568295 0.620204
0.568295 0.620204
0.568295 0.620204
0.568295 0.620204
0.568295 0.620204
0.568295 0.620203
0.568295 0.620203
0.568295 0.620203
0.568295 0.620203
0.568295 0.620203
0.568295 0.620203
0.568295 0.620203
0.568295 0.620203
0.568295 0.620203
0.568295 0.620203
0.568295 0.620203
0.568295 0.620203
0.568295 0.620203
0.568295 0.620203
0.568295 0.620203
0.568295 0.620203
0.568295 0.620203
0.568295 0.620203
0.568295 0.620203
0.568295 0.620203
0.568295 0.620203
0.568295 0.620203
0.568295 0.620203
0.568295 0.620203
0.568295 0.620203
0.568295 0.620203
0.568295 0.620203
0.568295 0.620203
0.568295 0.620203
0.568295 0.620203
0.568295 0.620203
0.568295 0.620203
0.568295 0.620203
0.568295 0.620203
0.568295 0.620203
0.568295 0.620203
0.568295 0.620203
0.568295 0.620203
0.568295 0.620203
0.568295 0.620203
0.568295 0.620203
0.568295 0.620203
0.568295 0.620203
0.568295 0.620203
0.568295 0.620203
0.568295 0.620203
0.568295 0.620203
0.568295 0.620203
0.568295 0.620203
0.568295 0.620203
0.568295 0.620203
0.568295 0.620203
0.568295 0.620203
0.568295 0.620203
0.568295 0.620203
0.568295 0.620203
0.568295 0.620203
0.568295 0.620203
0.568295 0.620203
0.568295 0.620203
0.568295 0.620203
0.568295 0.620203
0.568295 0.620203
0.568295 0.620203
0.568295 0.620203
0.568295 0.620203
0.568295 0.620203
0.568295 0.620203
0.568295 0.620203
0.568295 0.620203
0.568295 0.620203
0.568295 0.620203
0.568295 0.620203
0.568295 0.620203
0.568295 0.620203
0.568295 0.620203
0.568295 0.620203
0.568295 0.620203
0.568295 0.620203
0.568295 0.620203
0.568295 0.620203
0.568295 0.620203
0.568295 0.620203
0.568295 0.620203
0.568295 0.620203
0.568295 0.620203
0.568295 0.620203
0.568295 0.620203
0.568295 0.620203
0.568295 0.620203
0.568295 0.620203
0.568295 0.620203
0.568295 0.620203
0.568295 0.620203
0.568295 0.620203
0.568295 0.620203
0.568295 0.620203
0.568295 0.620203
0.568295 0.620203
0.568295 0.620203
0.568295 0.620203
0.568295 0.620203
0.568295 0.620203
0.568295 0.620203
0.568295 0.620203
0.568295 0.620203
0.568295 0.620203
0.568295 0.620203
0.568295 0.620203
0.568295 0.620203
0.568295 0.620203
0.568295 0.620203
0.568295 0.620203
0.568295 0.620203
0.568295 0.620203
0.568295 0.620203
0.568295 0.620203
0.568295 0.620203
0.568295 0.620203
0.568295 0.620203
0.568295 0.620203
0.568295 0.620203
0.568295 0.620203
0.568295 0.620203
0.568295 0.620203
0.568295 0.620203
0.568295 0.620203
0.568295 0.620203
0.568295 0.620203
0.568295 0.620203
0.568295 0.620203
0.568295 0.620203
0.568295 0.620203
0.568295 0.620203
0.568295 0.620203
0.568295 0.620203
0.568295 0.620203
0.568295 0.620203
0.568295 0.620203
0.568295 0.620203
0.568295 0.620203
0.568295 0.620203
0.568295 0.620203
0.568295 0.620203
0.568295 0.620203
0.568295 0.620203
0.568295 0.620203
0.568295 0.620203
0.568295 0.620203
0.568295 0.620203
0.568295 0.620203
0.568295 0.620203
0.568295 0.620203
0.568295 0.620203
0.568295 0.620203
0.568295 0.620203
0.568295 0.620203
0.568295 0.620203
0.568295 0.620203
0.568295 0.620203
0.568295 0.620203
0.568295 0.620203
0.568295 0.620203
0.568295 0.620203
0.568295 0.620203
0.568295 0.620203
0.568295 0.620203
0.568295 0.620203
0.568295 0.620203
0.568295 0.620203
0.568295 0.620203
0.568295 0.620203
0.568295 0.620203
0.568295 0.620203
0.568295 0.620203
0.568295 0.620203
0.568295 0.620203
0.568295 0.620203
0.568295 0.620203
0.568295 0.620203
0.568295 0.620203
0.568295 0.620203
0.568295 0.620203
0.568295 0.620203
0.568295 0.620203
0.568295 0.620203
0.568295 0.620203
0.568295 0.620203
0.568295 0.620203
0.568295 0.620203
0.568295 0.620203
0.568295 0.620203
0.568295 0.620203
0.568295 0.620203
0.568295 0.620203
0.568295 0.620203
0.568295 0.620203
0.568295 0.620203
0.568295 0.620203
0.568295 0.620203
0.568295 0.620203
0.568295 0.620203
0.568295 0.620203
0.568295 0.620203
0.568295 0.620203
0.568295 0.620203
0.568295 0.620203
0.568295 0.620203
0.568295 0.620203
0.568295 0.620203
0.568295 0.620203
0.568295 0.620203
0.568295 0.620203
0.568295 0.620203
0.568295 0.620203
0.568295 0.620203
0.568295 0.620203
0.568295 0.620203
0.568295 0.620203
0.568295 0.620203
0.568295 0.620203
0.568295 0.620203
0.568295 0.620203
0.568295 0.620203
0.568295 0.620203
0.568295 0.620203
0.568295 0.620203
0.568295 0.620203
0.568295 0.620203
0.568295 0.620203
0.568295 0.620203
0.568295 0.620203
0.568295 0.620203
0.568295 0.620203
0.568295 0.620203
0.568295 0.620203
0.568295 0.620203
0.568295 0.620203
0.568295 0.620203
0.568295 0.620203
0.568295 0.620203
0.568295 0.620203
0.568295 0.620203
0.568295 0.620203
0.568295 0.620203
0.568295 0.620203
0.568295 0.620203
0.568295 0.620203
0.568295 0.620203
0.568295 0.620203
0.568295 0.620203
0.568295 0.620203
0.568295 0.620203
0.568295 0.620203
0.568295 0.620203
0.568295 0.620203
0.568295 0.620203
0.568295 0.620203
0.568295 0.620203
0.568295 0.620203
0.568295 0.620203
0.568295 0.620203
0.568295 0.620203
0.568295 0.620203
0.568295 0.620203
0.568295 0.620203
0.568295 0.620203
0.568295 0.620203
0.568295 0.620203
0.568295 0.620203
0.568295 0.620203
0.568295 0.620203
0.568295 0.620203
0.568295 0.620203
0.568295 0.620203
0.568295 0.620203
0.568295 0.620203
0.568295 0.620203
0.568295 0.620203
0.568295 0.620203
0.568295 0.620203
0.568295 0.620203
0.568295 0.620203
0.568295 0.620203
0.568295 0.620203
0.568295 0.620203
0.568295 0.620203
0.568295 0.620203
0.568295 0.620203
0.568295 0.620203
0.568295 0.620203
0.568295 0.620203
0.568295 0.620203
0.568295 0.620203
0.568295 0.620203
0.568295 0.620203
0.568295 0.620203
0.568295 0.620203
0.568295 0.620203
0.568295 0.620203
0.568295 0.620203
0.568295 0.620203
0.568295 0.620203
0.568295 0.620203

Salidas test: 
0 1 0 
0.0633789 0.468311 0.468311 
0 1 0 
0.0633789 0.468311 0.468311 
1 0 0 
0.0633789 0.468311 0.468311 
0 0 1 
0.0633789 0.468311 0.468311 
0 0 1 
0.0633789 0.468311 0.468311 
0 1 0 
0.786986 0.106507 0.106507 
0 0 1 
0.0633789 0.468311 0.468311 
0 0 1 
0.0633789 0.468311 0.468311 
0 1 0 
0.0633789 0.468311 0.468311 
1 0 0 
0.0633789 0.468311 0.468311 
0 1 0 
0.0633789 0.468311 0.468311 
0 1 0 
0.0633789 0.468311 0.468311 
0 0 1 
0.786986 0.106507 0.106507 
0 1 0 
0.0633789 0.468311 0.468311 
0 1 0 
0.0633789 0.468311 0.468311 

Aciertos: 7/15 = 46.6667%

Salidas training: 
0 1 0 
0.0633789 0.468311 0.468311 
0 1 0 
0.0633789 0.468311 0.468311 
0 1 0 
0.0633789 0.468311 0.468311 
0 0 1 
0.0633789 0.468311 0.468311 
0 1 0 
0.0633789 0.468311 0.468311 
1 0 0 
0.786986 0.106507 0.106507 
0 0 1 
0.0633789 0.468311 0.468311 
0 1 0 
0.0633789 0.468311 0.468311 
0 1 0 
0.0633789 0.468311 0.468311 
0 1 0 
0.0633789 0.468311 0.468311 
0 1 0 
0.0633789 0.468311 0.468311 
0 0 1 
0.0633789 0.468311 0.468311 
1 0 0 
0.786986 0.106507 0.106507 
0 1 0 
0.0633789 0.468311 0.468311 
0 0 1 
0.0633789 0.468311 0.468311 
0 0 1 
0.0633789 0.468311 0.468311 
0 0 1 
0.0633789 0.468311 0.468311 
1 0 0 
0.786986 0.106507 0.106507 
1 0 0 
0.786986 0.106507 0.106507 
0 0 1 
0.0633789 0.468311 0.468311 
1 0 0 
0.786986 0.106507 0.106507 
1 0 0 
0.786986 0.106507 0.106507 
0 0 1 
0.0633789 0.468311 0.468311 
1 0 0 
0.786986 0.106507 0.106507 
0 0 1 
0.0633789 0.468311 0.468311 
1 0 0 
0.786986 0.106507 0.106507 
1 0 0 
0.786986 0.106507 0.106507 
1 0 0 
0.786986 0.106507 0.106507 
0 0 1 
0.0633789 0.468311 0.468311 
0 0 1 
0.0633789 0.468311 0.468311 
0 1 0 
0.0633789 0.468311 0.468311 
0 1 0 
0.0633789 0.468311 0.468311 
0 0 1 
0.0633789 0.468311 0.468311 
0 0 1 
0.0633789 0.468311 0.468311 
0 0 1 
0.0633789 0.468311 0.468311 
1 0 0 
0.786986 0.106507 0.106507 
0 0 1 
0.0633789 0.468311 0.468311 
1 0 0 
0.786986 0.106507 0.106507 
0 1 0 
0.0633789 0.468311 0.468311 
1 0 0 
0.786986 0.106507 0.106507 
1 0 0 
0.786986 0.106507 0.106507 
0 0 1 
0.0633789 0.468311 0.468311 
0 0 1 
0.0633789 0.468311 0.468311 
0 1 0 
0.0633789 0.468311 0.468311 
1 0 0 
0.786986 0.106507 0.106507 
0 1 0 
0.0633789 0.468311 0.468311 
1 0 0 
0.786986 0.106507 0.106507 
1 0 0 
0.786986 0.106507 0.106507 
1 0 0 
0.786986 0.106507 0.106507 
0 1 0 
0.0633789 0.468311 0.468311 
1 0 0 
0.786986 0.106507 0.106507 
0 1 0 
0.0633789 0.468311 0.468311 
1 0 0 
0.786986 0.106507 0.106507 
0 1 0 
0.0633789 0.468311 0.468311 
1 0 0 
0.786986 0.106507 0.106507 
0 0 1 
0.0633789 0.468311 0.468311 
1 0 0 
0.786986 0.106507 0.106507 
0 0 1 
0.0633789 0.468311 0.468311 
1 0 0 
0.786986 0.106507 0.106507 
0 0 1 
0.0633789 0.468311 0.468311 
1 0 0 
0.786986 0.106507 0.106507 
0 1 0 
0.0633789 0.468311 0.468311 
1 0 0 
0.786986 0.106507 0.106507 
1 0 0 
0.786986 0.106507 0.106507 
0 1 0 
0.0633789 0.468311 0.468311 
0 0 1 
0.0633789 0.468311 0.468311 
1 0 0 
0.786986 0.106507 0.106507 
1 0 0 
0.786986 0.106507 0.106507 
0 0 1 
0.0633789 0.468311 0.468311 
1 0 0 
0.786986 0.106507 0.106507 
0 0 1 
0.0633789 0.468311 0.468311 
1 0 0 
0.786986 0.106507 0.106507 
0 0 1 
0.0633789 0.468311 0.468311 
0 0 1 
0.0633789 0.468311 0.468311 
0 1 0 
0.0633789 0.468311 0.468311 
0 0 1 
0.0633789 0.468311 0.468311 
1 0 0 
0.786986 0.106507 0.106507 
1 0 0 
0.786986 0.106507 0.106507 
0 0 1 
0.0633789 0.468311 0.468311 
0 0 1 
0.0633789 0.468311 0.468311 
0 0 1 
0.0633789 0.468311 0.468311 
0 1 0 
0.0633789 0.468311 0.468311 
1 0 0 
0.786986 0.106507 0.106507 
0 0 1 
0.0633789 0.468311 0.468311 
0 0 1 
0.0633789 0.468311 0.468311 
0 1 0 
0.0633789 0.468311 0.468311 
0 0 1 
0.0633789 0.468311 0.468311 
0 0 1 
0.0633789 0.468311 0.468311 
0 1 0 
0.0633789 0.468311 0.468311 
0 0 1 
0.0633789 0.468311 0.468311 
0 1 0 
0.0633789 0.468311 0.468311 
1 0 0 
0.786986 0.106507 0.106507 
0 1 0 
0.0633789 0.468311 0.468311 
0 1 0 
0.0633789 0.468311 0.468311 
0 0 1 
0.0633789 0.468311 0.468311 
1 0 0 
0.786986 0.106507 0.106507 
0 0 1 
0.0633789 0.468311 0.468311 
0 1 0 
0.0633789 0.468311 0.468311 
0 1 0 
0.0633789 0.468311 0.468311 
0 0 1 
0.0633789 0.468311 0.468311 
0 1 0 
0.0633789 0.468311 0.468311 
0 0 1 
0.0633789 0.468311 0.468311 
0 1 0 
0.0633789 0.468311 0.468311 
1 0 0 
0.786986 0.106507 0.106507 
0 1 0 
0.0633789 0.468311 0.468311 
1 0 0 
0.786986 0.106507 0.106507 
1 0 0 
0.786986 0.106507 0.106507 
0 1 0 
0.0633789 0.468311 0.468311 
1 0 0 
0.786986 0.106507 0.106507 
1 0 0 
0.786986 0.106507 0.106507 
1 0 0 
0.786986 0.106507 0.106507 
0 1 0 
0.0633789 0.468311 0.468311 
0 0 1 
0.0633789 0.468311 0.468311 
1 0 0 
0.786986 0.106507 0.106507 
0 1 0 
0.0633789 0.468311 0.468311 
0 0 1 
0.0633789 0.468311 0.468311 
0 1 0 
0.0633789 0.468311 0.468311 
0 1 0 
0.0633789 0.468311 0.468311 
1 0 0 
0.786986 0.106507 0.106507 
1 0 0 
0.786986 0.106507 0.106507 


Aciertos: 80/120 = 66.6667%

