2.10676 2.20269
2.09502 2.19037
2.08582 2.181
2.07119 2.16644
2.06258 2.1571
2.05332 2.14798
2.04493 2.13859
2.03924 2.13137
2.0375 2.12881
2.03943 2.1288
2.0407 2.12735
2.04059 2.12765
2.0401 2.13016
2.0398 2.13121
2.04002 2.13289
2.0402 2.13486
2.04013 2.13636
2.03972 2.13725
2.03896 2.13598
2.03814 2.13442
2.03729 2.13255
2.03651 2.13066
2.03566 2.12883
2.03482 2.1268
2.03405 2.12474
2.0333 2.12288
2.03266 2.12151
2.03225 2.12056
2.03224 2.12017
2.03242 2.12063
2.03273 2.12154
2.03309 2.12231
2.03326 2.12244
2.03303 2.12216
2.03245 2.12193
2.03171 2.12138
2.03111 2.12156
2.03026 2.12197
2.02886 2.1229
2.02723 2.12424
2.02551 2.12519
2.02372 2.12596
2.02186 2.12628
2.01995 2.12684
2.01889 2.12767
2.01762 2.12814
2.01602 2.12778
2.01423 2.12672
2.0125 2.12549
2.01101 2.12446
2.00947 2.12345
2.00788 2.12216
2.006 2.12048
2.0036 2.11831
2.00068 2.11586
1.99731 2.11342
1.99396 2.11129
1.99257 2.11047
1.9914 2.1098
1.99017 2.10915
1.98905 2.10871
1.98775 2.1083
1.98641 2.10834
1.98523 2.10893
1.98407 2.10967
1.98354 2.11011
1.98246 2.11
1.98078 2.10898
1.97905 2.1081
1.97749 2.10764
1.97623 2.10754
1.97496 2.10784
1.97346 2.10843
1.9718 2.10917
1.97055 2.11029
1.96953 2.11113
1.9685 2.11146
1.96688 2.11115
1.96437 2.10969
1.96159 2.10742
1.96087 2.10674
1.96008 2.10588
1.95918 2.10491
1.95821 2.10394
1.95718 2.10275
1.95612 2.10141
1.95508 2.10006
1.95409 2.09884
1.95303 2.0978
1.95171 2.09671
1.95001 2.09543
1.9483 2.09418
1.94646 2.09299
1.94436 2.09172
1.94233 2.0906
1.94021 2.08954
1.93801 2.08859
1.93581 2.08779
1.93358 2.08718
1.93326 2.0871
0.086003 0.086003 0.125647 0.086003 0.186329 0.086003 0.086003 0.086003 0.086003 0.086003 
0.091288 0.091288 0.166368 0.091288 0.103327 0.091288 0.091288 0.091288 0.091288 0.091288 
0.0821801 0.0821801 0.0821801 0.0821801 0.129656 0.0821801 0.0821801 0.123588 0.171495 0.0821801 
0.0883495 0.0883495 0.148908 0.0883495 0.0936842 0.0883495 0.0883495 0.138961 0.0883495 0.0883495 
0.0932799 0.0932799 0.0932799 0.0932799 0.155197 0.0932799 0.0932799 0.0932799 0.0985637 0.0932799 
0.080011 0.080011 0.080011 0.080011 0.12548 0.080011 0.080011 0.132698 0.181745 0.080011 
0.0884247 0.0884247 0.0995966 0.0884247 0.12575 0.0884247 0.0884247 0.124903 0.119202 0.0884247 
0.0882791 0.0882791 0.150706 0.0882791 0.0973472 0.0882791 0.0882791 0.133994 0.0882791 0.0882791 
0.0881578 0.0881578 0.103101 0.0881578 0.141536 0.0881578 0.0881578 0.107203 0.119213 0.0881578 
0.0909535 0.0909535 0.11022 0.0909535 0.142892 0.0909535 0.0909535 0.110214 0.0909535 0.0909535 
0.0893025 0.0893025 0.104845 0.0893025 0.180734 0.0893025 0.0893025 0.0893025 0.0893025 0.0893025 
0.0827179 0.0827179 0.0856116 0.0827179 0.124327 0.0827179 0.0827179 0.133715 0.160039 0.0827179 
0.0869598 0.0869598 0.0879762 0.0869598 0.17832 0.0869598 0.0869598 0.0869598 0.124985 0.0869598 
0.0918726 0.0918726 0.111992 0.0918726 0.132035 0.0918726 0.0918726 0.112864 0.0918726 0.0918726 
0.0862029 0.0862029 0.12206 0.0862029 0.170235 0.0862029 0.0862029 0.0862029 0.104285 0.0862029 
0.091593 0.091593 0.0955961 0.091593 0.130742 0.091593 0.091593 0.102907 0.121197 0.091593 
0.0871917 0.0871917 0.118211 0.0871917 0.0898758 0.0871917 0.0871917 0.181571 0.0871917 0.0871917 
0.0828063 0.0828063 0.0895574 0.0828063 0.0960579 0.0828063 0.0828063 0.197116 0.12043 0.0828063 
0.0864969 0.0864969 0.114449 0.0864969 0.193575 0.0864969 0.0864969 0.0864969 0.0864969 0.0864969 
0.0873287 0.0873287 0.126314 0.0873287 0.119301 0.0873287 0.0873287 0.143084 0.0873287 0.0873287 
0.0849212 0.0849212 0.0849212 0.0849212 0.154781 0.0849212 0.0849212 0.111005 0.139766 0.0849212 
0.090609 0.090609 0.112602 0.090609 0.121406 0.090609 0.090609 0.131729 0.090609 0.090609 
0.0927046 0.0927046 0.106756 0.0927046 0.151608 0.0927046 0.0927046 0.0927046 0.0927046 0.0927046 
0.0862604 0.0862604 0.19409 0.0862604 0.115827 0.0862604 0.0862604 0.0862604 0.0862604 0.0862604 
0.0898268 0.0898268 0.126089 0.0898268 0.155297 0.0898268 0.0898268 0.0898268 0.0898268 0.0898268 
0.0896135 0.0896135 0.109587 0.0896135 0.110272 0.0896135 0.0896135 0.152846 0.0896135 0.0896135 
0.0879619 0.0879619 0.188247 0.0879619 0.108058 0.0879619 0.0879619 0.0879619 0.0879619 0.0879619 
0.0842178 0.0842178 0.164798 0.0842178 0.161459 0.0842178 0.0842178 0.0842178 0.0842178 0.0842178 
0.0830033 0.0830033 0.101532 0.0830033 0.151188 0.0830033 0.0830033 0.0891869 0.160074 0.0830033 
0.0908159 0.0908159 0.142422 0.0908159 0.131051 0.0908159 0.0908159 0.0908159 0.0908159 0.0908159 
0.08947 0.08947 0.127252 0.08947 0.114325 0.08947 0.08947 0.132133 0.08947 0.08947 
0.086712 0.086712 0.209692 0.086712 0.0966125 0.086712 0.086712 0.086712 0.086712 0.086712 
0.089476 0.089476 0.089476 0.089476 0.147421 0.089476 0.089476 0.089476 0.136771 0.089476 
0.0897203 0.0897203 0.12743 0.0897203 0.112957 0.0897203 0.0897203 0.131571 0.0897203 0.0897203 
0.0879901 0.0879901 0.115655 0.0879901 0.0946196 0.0879901 0.0879901 0.173795 0.0879901 0.0879901 
0.093553 0.093553 0.145705 0.093553 0.0996883 0.093553 0.093553 0.0997362 0.093553 0.093553 
0.0843891 0.0843891 0.183083 0.0843891 0.0843891 0.0843891 0.0843891 0.141804 0.0843891 0.0843891 
0.0857514 0.0857514 0.141818 0.0857514 0.172171 0.0857514 0.0857514 0.0857514 0.0857514 0.0857514 
0.0909443 0.0909443 0.106421 0.0909443 0.129088 0.0909443 0.0909443 0.100567 0.118259 0.0909443 
0.0911305 0.0911305 0.154776 0.0911305 0.0985934 0.0911305 0.0911305 0.108717 0.0911305 0.0911305 
0.0862684 0.0862684 0.0862684 0.0862684 0.121102 0.0862684 0.0862684 0.121276 0.153743 0.0862684 
0.0929702 0.0929702 0.143354 0.0929702 0.112885 0.0929702 0.0929702 0.0929702 0.0929702 0.0929702 
0.0863446 0.0863446 0.0944671 0.0863446 0.142999 0.0863446 0.0863446 0.121391 0.123075 0.0863446 
0.0886781 0.0886781 0.172247 0.0886781 0.118329 0.0886781 0.0886781 0.0886781 0.0886781 0.0886781 
0.0853817 0.0853817 0.099227 0.0853817 0.114105 0.0853817 0.0853817 0.168756 0.105623 0.0853817 
0.0908877 0.0908877 0.113979 0.0908877 0.107136 0.0908877 0.0908877 0.142671 0.0908877 0.0908877 
0.0878966 0.0878966 0.169074 0.0878966 0.0878966 0.0878966 0.0878966 0.127753 0.0878966 0.0878966 
0.082865 0.082865 0.091132 0.082865 0.111255 0.082865 0.082865 0.163623 0.136799 0.082865 
0.0870104 0.0870104 0.0910563 0.0870104 0.128706 0.0870104 0.0870104 0.124515 0.13366 0.0870104 
0.0904899 0.0904899 0.107867 0.0904899 0.151654 0.0904899 0.0904899 0.0904899 0.10705 0.0904899 
0.0923321 0.0923321 0.116248 0.0923321 0.111125 0.0923321 0.0923321 0.126302 0.0923321 0.0923321 
0.087311 0.087311 0.0919848 0.087311 0.135418 0.087311 0.087311 0.126471 0.12226 0.087311 
0.091299 0.091299 0.148805 0.091299 0.120803 0.091299 0.091299 0.091299 0.091299 0.091299 
0.0920469 0.0920469 0.121052 0.0920469 0.139393 0.0920469 0.0920469 0.0952271 0.0920469 0.0920469 
0.0829307 0.0829307 0.0871453 0.0829307 0.100848 0.0829307 0.0829307 0.204903 0.10952 0.0829307 
0.0819852 0.0819852 0.251645 0.0819852 0.0924734 0.0819852 0.0819852 0.0819852 0.0819852 0.0819852 
0.0890346 0.0890346 0.110547 0.0890346 0.158864 0.0890346 0.0890346 0.0969413 0.0994407 0.0890346 
0.088211 0.088211 0.185501 0.088211 0.108811 0.088211 0.088211 0.088211 0.088211 0.088211 
0.0912558 0.0912558 0.113578 0.0912558 0.124651 0.0912558 0.0912558 0.118742 0.0954943 0.0912558 
0.0939242 0.0939242 0.111301 0.0939242 0.137305 0.0939242 0.0939242 0.0939242 0.0939242 0.0939242 
0.0928101 0.0928101 0.150069 0.0928101 0.10745 0.0928101 0.0928101 0.0928101 0.0928101 0.0928101 
0.0828701 0.0828701 0.0828701 0.0828701 0.145262 0.0828701 0.0828701 0.115408 0.159239 0.0828701 
0.0904304 0.0904304 0.107835 0.0904304 0.113705 0.0904304 0.0904304 0.145447 0.0904304 0.0904304 
0.092647 0.092647 0.153358 0.092647 0.100466 0.092647 0.092647 0.0976465 0.092647 0.092647 
0.0918642 0.0918642 0.10198 0.0918642 0.128111 0.0918642 0.0918642 0.100387 0.118336 0.0918642 
0.0917397 0.0917397 0.0931777 0.0917397 0.126417 0.0917397 0.0917397 0.125491 0.104476 0.0917397 
0.0809089 0.0809089 0.0809089 0.0809089 0.147139 0.0809089 0.0809089 0.138443 0.148056 0.0809089 
0.089081 0.089081 0.114453 0.089081 0.119521 0.089081 0.089081 0.130738 0.100803 0.089081 
0.0866619 0.0866619 0.158342 0.0866619 0.0866619 0.0866619 0.0866619 0.148362 0.0866619 0.0866619 
0.0846026 0.0846026 0.0846026 0.0846026 0.126609 0.0846026 0.0846026 0.120446 0.160727 0.0846026 
0.0810192 0.0810192 0.0810192 0.0810192 0.128643 0.0810192 0.0810192 0.136395 0.167827 0.0810192 
0.0896841 0.0896841 0.12958 0.0896841 0.111903 0.0896841 0.0896841 0.130729 0.0896841 0.0896841 
0.0916085 0.0916085 0.146672 0.0916085 0.12046 0.0916085 0.0916085 0.0916085 0.0916085 0.0916085 
0.0679316 0.0679316 0.0679316 0.0679316 0.12383 0.0679316 0.0679316 0.148257 0.252392 0.0679316 
0.0865121 0.0865121 0.0865121 0.0865121 0.135556 0.0865121 0.0865121 0.122382 0.136478 0.0865121 
0.0854595 0.0854595 0.0854595 0.0854595 0.115705 0.0854595 0.0854595 0.141877 0.144203 0.0854595 
0.0798374 0.0798374 0.119682 0.0798374 0.0798374 0.0798374 0.0798374 0.241619 0.0798374 0.0798374 
0.0897125 0.0897125 0.17345 0.0897125 0.10885 0.0897125 0.0897125 0.0897125 0.0897125 0.0897125 
0.092351 0.092351 0.134829 0.092351 0.118396 0.092351 0.092351 0.100317 0.092351 0.092351 
0.0894076 0.0894076 0.143046 0.0894076 0.111025 0.0894076 0.0894076 0.120076 0.0894076 0.0894076 
0.0920695 0.0920695 0.14542 0.0920695 0.118024 0.0920695 0.0920695 0.0920695 0.0920695 0.0920695 
0.083365 0.083365 0.0862567 0.083365 0.0927219 0.083365 0.083365 0.187476 0.133356 0.083365 
0.0780942 0.0780942 0.0780942 0.0780942 0.116071 0.0780942 0.0780942 0.143265 0.194004 0.0780942 
0.088468 0.088468 0.139644 0.088468 0.152612 0.088468 0.088468 0.088468 0.088468 0.088468 

Salidas: 
0 0 0 0 0 0 1 0 0 0 
0.0859578 0.0859578 0.125474 0.0859578 0.186864 0.0859578 0.0859578 0.0859578 0.0859578 0.0859578 
0 0 0 0 0 1 0 0 0 0 
0.0912845 0.0912845 0.165926 0.0912845 0.103798 0.0912845 0.0912845 0.0912845 0.0912845 0.0912845 
0 0 0 0 0 0 0 0 1 0 
0.0823486 0.0823486 0.0823486 0.0823486 0.130349 0.0823486 0.0823486 0.123148 0.170062 0.0823486 
0 0 0 1 0 0 0 0 0 0 
0.0884265 0.0884265 0.148639 0.0884265 0.0941934 0.0884265 0.0884265 0.138182 0.0884265 0.0884265 
0 0 0 1 0 0 0 0 0 0 
0.0933057 0.0933057 0.0933057 0.0933057 0.155768 0.0933057 0.0933057 0.0933057 0.0977868 0.0933057 
0 0 0 0 0 0 0 0 1 0 
0.0801878 0.0801878 0.0801878 0.0801878 0.126165 0.0801878 0.0801878 0.132249 0.180272 0.0801878 
0 0 0 0 0 0 0 0 1 0 
0.0885545 0.0885545 0.0997372 0.0885545 0.126315 0.0885545 0.0885545 0.124369 0.118252 0.0885545 
0 0 0 1 0 0 0 0 0 0 
0.0883409 0.0883409 0.150486 0.0883409 0.097867 0.0883409 0.0883409 0.13326 0.0883409 0.0883409 
0 0 0 0 0 0 0 0 0 0 
0.0882534 0.0882534 0.103132 0.0882534 0.142229 0.0882534 0.0882534 0.106752 0.118368 0.0882534 
0 0 0 0 0 1 0 0 0 0 
0.0909707 0.0909707 0.110102 0.0909707 0.143449 0.0909707 0.0909707 0.109654 0.0909707 0.0909707 
0 0 0 0 0 1 0 0 0 0 
0.0892544 0.0892544 0.104757 0.0892544 0.181208 0.0892544 0.0892544 0.0892544 0.0892544 0.0892544 
0 0 0 0 0 0 0 0 1 0 
0.0829032 0.0829032 0.0858499 0.0829032 0.124992 0.0829032 0.0829032 0.13324 0.158499 0.0829032 
0 0 0 0 0 0 1 0 0 0 
0.0870067 0.0870067 0.088055 0.0870067 0.179023 0.0870067 0.0870067 0.0870067 0.123875 0.0870067 
0 0 0 1 0 0 0 0 0 0 
0.0918972 0.0918972 0.111918 0.0918972 0.132772 0.0918972 0.0918972 0.11203 0.0918972 0.0918972 
0 0 1 0 0 0 0 0 0 0 
0.0862121 0.0862121 0.12192 0.0862121 0.170947 0.0862121 0.0862121 0.0862121 0.103648 0.0862121 
0 0 0 0 0 0 0 0 0 0 
0.0916886 0.0916886 0.095674 0.0916886 0.131331 0.0916886 0.0916886 0.10251 0.120353 0.0916886 
0 0 0 1 0 0 0 0 0 0 
0.087286 0.087286 0.118167 0.087286 0.0903935 0.087286 0.087286 0.180437 0.087286 0.087286 
0 0 0 0 1 0 0 0 0 0 
0.0829692 0.0829692 0.0896822 0.0829692 0.0965907 0.0829692 0.0829692 0.196237 0.119675 0.0829692 
0 0 0 0 0 0 1 0 0 0 
0.086452 0.086452 0.114478 0.086452 0.193906 0.086452 0.086452 0.086452 0.086452 0.086452 
0 0 0 1 0 0 0 0 0 0 
0.0873886 0.0873886 0.126209 0.0873886 0.119939 0.0873886 0.0873886 0.142132 0.0873886 0.0873886 
0 0 0 0 0 1 0 0 0 0 
0.0850483 0.0850483 0.0850483 0.0850483 0.155564 0.0850483 0.0850483 0.110497 0.1386 0.0850483 
0 0 0 0 0 0 0 0 0 0 
0.0906059 0.0906059 0.112837 0.0906059 0.121588 0.0906059 0.0906059 0.131334 0.0906059 0.0906059 
0 0 0 0 1 0 0 0 0 0 
0.0926663 0.0926663 0.106639 0.0926663 0.15203 0.0926663 0.0926663 0.0926663 0.0926663 0.0926663 
0 1 0 0 0 0 0 0 0 0 
0.0862603 0.0862603 0.193477 0.0862603 0.116441 0.0862603 0.0862603 0.0862603 0.0862603 0.0862603 
0 0 0 0 0 1 0 0 0 0 
0.0897962 0.0897962 0.125958 0.0897962 0.155672 0.0897962 0.0897962 0.0897962 0.0897962 0.0897962 
0 1 0 0 0 0 0 0 0 0 
0.0896607 0.0896607 0.109521 0.0896607 0.110665 0.0896607 0.0896607 0.152189 0.0896607 0.0896607 
0 0 0 0 1 0 0 0 0 0 
0.0879267 0.0879267 0.188399 0.0879267 0.108187 0.0879267 0.0879267 0.0879267 0.0879267 0.0879267 
0 0 0 1 0 0 0 0 0 0 
0.0842012 0.0842012 0.164462 0.0842012 0.161928 0.0842012 0.0842012 0.0842012 0.0842012 0.0842012 
0 0 0 1 0 0 0 0 0 0 
0.0831293 0.0831293 0.101662 0.0831293 0.151974 0.0831293 0.0831293 0.0888553 0.158732 0.0831293 
0 1 0 0 0 0 0 0 0 0 
0.090791 0.090791 0.142121 0.090791 0.131551 0.090791 0.090791 0.090791 0.090791 0.090791 
0 0 1 0 0 0 0 0 0 0 
0.089515 0.089515 0.126981 0.089515 0.114901 0.089515 0.089515 0.131513 0.089515 0.089515 
0 0 0 0 0 0 1 0 0 0 
0.0867105 0.0867105 0.209283 0.0867105 0.0970325 0.0867105 0.0867105 0.0867105 0.0867105 0.0867105 
0 0 0 0 0 0 0 0 0 0 
0.0894859 0.0894859 0.0894859 0.0894859 0.148096 0.0894859 0.0894859 0.0894859 0.136017 0.0894859 
0 0 0 0 0 0 0 0 0 1 
0.0897666 0.0897666 0.127233 0.0897666 0.113543 0.0897666 0.0897666 0.130858 0.0897666 0.0897666 
0 0 0 0 1 0 0 0 0 0 
0.0880641 0.0880641 0.11554 0.0880641 0.0950623 0.0880641 0.0880641 0.172948 0.0880641 0.0880641 
0 0 1 0 0 0 0 0 0 0 
0.0935865 0.0935865 0.145468 0.0935865 0.100071 0.0935865 0.0935865 0.0993557 0.0935865 0.0935865 
0 0 0 0 0 0 0 1 0 0 
0.0844889 0.0844889 0.182948 0.0844889 0.0844889 0.0844889 0.0844889 0.141141 0.0844889 0.0844889 
0 0 0 0 1 0 0 0 0 0 
0.0857096 0.0857096 0.141514 0.0857096 0.172809 0.0857096 0.0857096 0.0857096 0.0857096 0.0857096 
0 0 0 0 1 0 0 0 0 0 
0.0910068 0.0910068 0.106342 0.0910068 0.129789 0.0910068 0.0910068 0.100138 0.117689 0.0910068 
0 1 0 0 0 0 0 0 0 0 
0.0911791 0.0911791 0.154385 0.0911791 0.0992281 0.0911791 0.0911791 0.108133 0.0911791 0.0911791 
0 0 0 0 0 0 0 0 0 1 
0.0863992 0.0863992 0.0863992 0.0863992 0.121722 0.0863992 0.0863992 0.120784 0.1527 0.0863992 
0 0 0 0 0 0 1 0 0 0 
0.092951 0.092951 0.143032 0.092951 0.11336 0.092951 0.092951 0.092951 0.092951 0.092951 
0 0 0 0 0 0 0 0 0 1 
0.086449 0.086449 0.0944717 0.086449 0.143778 0.086449 0.086449 0.120809 0.122247 0.086449 
0 1 0 0 0 0 0 0 0 0 
0.088673 0.088673 0.171693 0.088673 0.118923 0.088673 0.088673 0.088673 0.088673 0.088673 
0 0 1 0 0 0 0 0 0 0 
0.0855122 0.0855122 0.0992806 0.0855122 0.114723 0.0855122 0.0855122 0.167934 0.104989 0.0855122 
0 0 0 0 0 0 0 0 0 0 
0.090933 0.090933 0.113862 0.090933 0.107644 0.090933 0.090933 0.141963 0.090933 0.090933 
0 0 0 0 0 0 1 0 0 0 
0.0880034 0.0880034 0.16876 0.0880034 0.0880034 0.0880034 0.0880034 0.127213 0.0880034 0.0880034 
0 0 0 0 0 0 0 0 1 0 
0.0830205 0.0830205 0.0912884 0.0830205 0.11188 0.0830205 0.0830205 0.162893 0.135816 0.0830205 
0 0 0 0 0 0 0 0 0 0 
0.0871358 0.0871358 0.0911842 0.0871358 0.129249 0.0871358 0.0871358 0.124043 0.132708 0.0871358 
0 0 0 0 1 0 0 0 0 0 
0.0905044 0.0905044 0.107713 0.0905044 0.15236 0.0905044 0.0905044 0.0905044 0.106397 0.0905044 
0 0 0 0 0 0 0 0 0 1 
0.0923731 0.0923731 0.116083 0.0923731 0.1117 0.0923731 0.0923731 0.125605 0.0923731 0.0923731 
0 0 0 0 0 0 0 0 0 0 
0.0874352 0.0874352 0.0921265 0.0874352 0.136075 0.0874352 0.0874352 0.125897 0.12129 0.0874352 
0 0 0 1 0 0 0 0 0 0 
0.0912845 0.0912845 0.148435 0.0912845 0.121289 0.0912845 0.0912845 0.0912845 0.0912845 0.0912845 
0 1 0 0 0 0 0 0 0 0 
0.0920574 0.0920574 0.120932 0.0920574 0.139927 0.0920574 0.0920574 0.0947385 0.0920574 0.0920574 
0 0 0 0 0 0 0 1 0 0 
0.0831391 0.0831391 0.0872933 0.0831391 0.101647 0.0831391 0.0831391 0.203345 0.108879 0.0831391 
0 0 0 0 0 0 0 1 0 0 
0.0820168 0.0820168 0.25107 0.0820168 0.0927957 0.0820168 0.0820168 0.0820168 0.0820168 0.0820168 
0 0 0 0 0 0 0 0 0 0 
0.0890906 0.0890906 0.110462 0.0890906 0.159523 0.0890906 0.0890906 0.0965391 0.0989323 0.0890906 
0 0 1 0 0 0 0 0 0 0 
0.0882105 0.0882105 0.185119 0.0882105 0.109197 0.0882105 0.0882105 0.0882105 0.0882105 0.0882105 
0 0 0 0 0 1 0 0 0 0 
0.0913366 0.0913366 0.113539 0.0913366 0.125219 0.0913366 0.0913366 0.118256 0.0949658 0.0913366 
0 0 0 1 0 0 0 0 0 0 
0.0938906 0.0938906 0.111111 0.0938906 0.137764 0.0938906 0.0938906 0.0938906 0.0938906 0.0938906 
0 0 0 0 0 1 0 0 0 0 
0.092789 0.092789 0.149792 0.092789 0.107897 0.092789 0.092789 0.092789 0.092789 0.092789 
0 0 0 0 0 0 0 0 0 0 
0.0830267 0.0830267 0.0830267 0.0830267 0.146076 0.0830267 0.0830267 0.114879 0.157858 0.0830267 
0 0 1 0 0 0 0 0 0 0 
0.0904755 0.0904755 0.107793 0.0904755 0.114174 0.0904755 0.0904755 0.144704 0.0904755 0.0904755 
0 0 0 0 0 0 0 1 0 0 
0.0926786 0.0926786 0.153107 0.0926786 0.100944 0.0926786 0.0926786 0.0971983 0.0926786 0.0926786 
0 0 0 0 0 0 0 0 0 0 
0.0919696 0.0919696 0.102097 0.0919696 0.128578 0.0919696 0.0919696 0.100118 0.11739 0.0919696 
0 0 0 1 0 0 0 0 0 0 
0.0918231 0.0918231 0.0932179 0.0918231 0.12707 0.0918231 0.0918231 0.124808 0.103965 0.0918231 
0 0 0 0 0 1 0 0 0 0 
0.0810558 0.0810558 0.0810558 0.0810558 0.147875 0.0810558 0.0810558 0.13786 0.146875 0.0810558 
0 0 1 0 0 0 0 0 0 0 
0.0891767 0.0891767 0.114398 0.0891767 0.120175 0.0891767 0.0891767 0.130151 0.100216 0.0891767 
0 0 0 0 0 0 0 0 0 1 
0.0867915 0.0867915 0.158081 0.0867915 0.0867915 0.0867915 0.0867915 0.147587 0.0867915 0.0867915 
0 0 0 0 0 0 0 0 0 0 
0.084745 0.084745 0.084745 0.084745 0.127244 0.084745 0.084745 0.120016 0.159525 0.084745 
0 0 0 0 1 0 0 0 0 0 
0.0812089 0.0812089 0.0812089 0.0812089 0.12943 0.0812089 0.0812089 0.135826 0.166282 0.0812089 
0 0 0 0 0 0 0 0 0 1 
0.0897296 0.0897296 0.129341 0.0897296 0.112501 0.0897296 0.0897296 0.130051 0.0897296 0.0897296 
0 0 0 0 0 0 0 1 0 0 
0.0915885 0.0915885 0.146431 0.0915885 0.120861 0.0915885 0.0915885 0.0915885 0.0915885 0.0915885 
0 0 0 1 0 0 0 0 0 0 
0.0681471 0.0681471 0.0681471 0.0681471 0.124663 0.0681471 0.0681471 0.147793 0.250514 0.0681471 
0 0 0 0 0 1 0 0 0 0 
0.0866564 0.0866564 0.0866564 0.0866564 0.136188 0.0866564 0.0866564 0.121948 0.135269 0.0866564 
0 0 0 0 0 0 0 1 0 0 
0.0856012 0.0856012 0.0856012 0.0856012 0.116336 0.0856012 0.0856012 0.141283 0.143172 0.0856012 
0 0 0 0 0 0 0 1 0 0 
0.080041 0.080041 0.119761 0.080041 0.080041 0.080041 0.080041 0.239912 0.080041 0.080041 
0 0 0 0 0 1 0 0 0 0 
0.0897176 0.0897176 0.172911 0.0897176 0.109348 0.0897176 0.0897176 0.0897176 0.0897176 0.0897176 
0 0 0 0 0 0 0 0 0 0 
0.0923759 0.0923759 0.134702 0.0923759 0.118845 0.0923759 0.0923759 0.0998212 0.0923759 0.0923759 
0 1 0 0 0 0 0 0 0 0 
0.0894553 0.0894553 0.142788 0.0894553 0.111572 0.0894553 0.0894553 0.119453 0.0894553 0.0894553 
0 0 0 0 1 0 0 0 0 0 
0.0920512 0.0920512 0.145055 0.0920512 0.118535 0.0920512 0.0920512 0.0920512 0.0920512 0.0920512 
0 0 0 0 0 1 0 0 0 0 
0.083537 0.083537 0.0863739 0.083537 0.0932952 0.083537 0.083537 0.186604 0.132505 0.083537 
0 0 0 0 0 0 0 1 0 0 
0.0782762 0.0782762 0.0782762 0.0782762 0.116849 0.0782762 0.0782762 0.142649 0.192569 0.0782762 
0 0 0 0 0 1 0 0 0 0 
0.0884319 0.0884319 0.139514 0.0884319 0.15303 0.0884319 0.0884319 0.0884319 0.0884319 0.0884319 
0 0 0 0 0 1 0 0 0 0 
0.0900558 0.0900558 0.0967537 0.0900558 0.137875 0.0900558 0.0900558 0.124362 0.100675 0.0900558 
0 0 0 0 0 0 0 0 0 1 
0.0927508 0.0927508 0.114336 0.0927508 0.110334 0.0927508 0.0927508 0.126075 0.0927508 0.0927508 
0 0 0 0 0 0 0 1 0 0 
0.0556247 0.0556247 0.0556247 0.0556247 0.147433 0.0556247 0.0556247 0.11335 0.349844 0.0556247 
0 0 0 0 0 0 0 0 0 0 
0.0843717 0.0843717 0.08848 0.0843717 0.164319 0.0843717 0.0843717 0.0908117 0.15016 0.0843717 
0 0 0 0 0 0 0 1 0 0 
0.0806459 0.0806459 0.149361 0.0806459 0.0806459 0.0806459 0.0806459 0.205471 0.0806459 0.0806459 
0 0 1 0 0 0 0 0 0 0 
0.08686 0.08686 0.0960766 0.08686 0.132556 0.08686 0.08686 0.142854 0.107354 0.08686 
0 0 0 0 0 0 0 1 0 0 
0.0638788 0.0638788 0.0775518 0.0638788 0.0638788 0.0638788 0.0638788 0.408661 0.0666354 0.0638788 
0 1 0 0 0 0 0 0 0 0 
0.0941219 0.0941219 0.104184 0.0941219 0.137166 0.0941219 0.0941219 0.0941219 0.0997959 0.0941219 
0 0 0 1 0 0 0 0 0 0 
0.0820969 0.0820969 0.0872793 0.0820969 0.0820969 0.0820969 0.0820969 0.252548 0.0854945 0.0820969 
0 0 0 0 1 0 0 0 0 0 
0.0840973 0.0840973 0.0886099 0.0840973 0.195847 0.0840973 0.0840973 0.0840973 0.126862 0.0840973 
0 0 0 0 0 1 0 0 0 0 
0.0914453 0.0914453 0.128554 0.0914453 0.122627 0.0914453 0.0914453 0.108703 0.0914453 0.0914453 
0 0 1 0 0 0 0 0 0 0 
0.087164 0.087164 0.195695 0.087164 0.106993 0.087164 0.087164 0.087164 0.087164 0.087164 
0 0 0 0 0 0 0 0 1 0 
0.0673219 0.0673219 0.0673219 0.0673219 0.191758 0.0673219 0.0673219 0.0673219 0.269668 0.0673219 
0 0 0 1 0 0 0 0 0 0 
0.0903854 0.0903854 0.177229 0.0903854 0.0903854 0.0903854 0.0903854 0.0996879 0.0903854 0.0903854 
0 0 1 0 0 0 0 0 0 0 
0.0835472 0.0835472 0.1338 0.0835472 0.0835472 0.0835472 0.0835472 0.197823 0.0835472 0.0835472 
0 0 0 0 0 0 0 0 1 0 
0.0635779 0.0635779 0.0635779 0.0635779 0.169114 0.0635779 0.0635779 0.0635779 0.322263 0.0635779 
0 0 0 0 0 1 0 0 0 0 
0.0915432 0.0915432 0.129335 0.0915432 0.135197 0.0915432 0.0915432 0.0946651 0.0915432 0.0915432 
0 0 0 0 0 0 0 1 0 0 
0.0560087 0.0560087 0.0560087 0.0560087 0.0965088 0.0560087 0.0560087 0.169446 0.341985 0.0560087 
0 0 1 0 0 0 0 0 0 0 
0.0903084 0.0903084 0.163573 0.0903084 0.113961 0.0903084 0.0903084 0.0903084 0.0903084 0.0903084 
0 0 0 0 0 0 0 0 0 1 
0.0915579 0.0915579 0.131399 0.0915579 0.120963 0.0915579 0.0915579 0.106733 0.0915579 0.0915579 
0 0 0 0 1 0 0 0 0 0 
0.0692095 0.0692095 0.0692095 0.0692095 0.196933 0.0692095 0.0692095 0.0730406 0.24556 0.0692095 
0 0 0 0 0 0 0 0 1 0 
0.0597049 0.0597049 0.0597049 0.0597049 0.168718 0.0597049 0.0597049 0.0597049 0.353642 0.0597049 
0 1 0 0 0 0 0 0 0 0 
0.0921368 0.0921368 0.1309 0.0921368 0.129943 0.0921368 0.0921368 0.0930907 0.0932453 0.0921368 
0 0 0 0 0 0 0 1 0 0 
0.0741928 0.0741928 0.096917 0.0741928 0.0741928 0.0741928 0.0741928 0.309541 0.0741928 0.0741928 
0 0 0 0 1 0 0 0 0 0 
0.0868599 0.0868599 0.0868599 0.0868599 0.150609 0.0868599 0.0868599 0.100181 0.141191 0.0868599 
0 0 0 0 0 0 1 0 0 0 
0.0930609 0.0930609 0.13507 0.0930609 0.11114 0.0930609 0.0930609 0.102364 0.0930609 0.0930609 
0 0 1 0 0 0 0 0 0 0 
0.0810224 0.0810224 0.172425 0.0810224 0.0810224 0.0810224 0.0810224 0.179396 0.0810224 0.0810224 
0 0 0 0 1 0 0 0 0 0 
0.0915747 0.0915747 0.131953 0.0915747 0.0993963 0.0915747 0.0915747 0.127628 0.0915747 0.0915747 
0 0 0 0 1 0 0 0 0 0 
0.0904728 0.0904728 0.176885 0.0904728 0.099333 0.0904728 0.0904728 0.0904728 0.0904728 0.0904728 
0 0 0 0 0 0 0 1 0 0 
0.0868926 0.0868926 0.116478 0.0868926 0.173003 0.0868926 0.0868926 0.0868926 0.102271 0.0868926 
0 0 0 0 0 0 0 0 0 0 
0.0902741 0.0902741 0.141244 0.0902741 0.115235 0.0902741 0.0902741 0.111602 0.0902741 0.0902741 
0 0 0 1 0 0 0 0 0 0 
0.0932169 0.0932169 0.143276 0.0932169 0.110989 0.0932169 0.0932169 0.0932169 0.0932169 0.0932169 
0 0 0 0 1 0 0 0 0 0 
0.0927452 0.0927452 0.119741 0.0927452 0.125751 0.0927452 0.0927452 0.0927452 0.105291 0.0927452 
0 0 0 0 0 0 1 0 0 0 
0.0919087 0.0919087 0.108449 0.0919087 0.11988 0.0919087 0.0919087 0.0919087 0.12831 0.0919087 
0 0 0 0 0 1 0 0 0 0 
0.079482 0.079482 0.079482 0.079482 0.184753 0.079482 0.079482 0.079482 0.179392 0.079482 
0 0 0 0 0 1 0 0 0 0 
0.0915845 0.0915845 0.110817 0.0915845 0.154118 0.0915845 0.0915845 0.0939733 0.0915845 0.0915845 
0 0 0 0 0 0 0 0 0 0 
0.0886426 0.0886426 0.119122 0.0886426 0.109415 0.0886426 0.0886426 0.150965 0.0886426 0.0886426 
0 0 1 0 0 0 0 0 0 0 
0.0909474 0.0909474 0.142859 0.0909474 0.109644 0.0909474 0.0909474 0.110866 0.0909474 0.0909474 
0 0 0 0 0 0 1 0 0 0 
0.0893715 0.0893715 0.0948829 0.0893715 0.130478 0.0893715 0.0893715 0.11926 0.119149 0.0893715 
0 0 0 0 0 1 0 0 0 0 
0.0876494 0.0876494 0.158964 0.0876494 0.139841 0.0876494 0.0876494 0.0876494 0.0876494 0.0876494 
0 0 0 0 0 1 0 0 0 0 
0.091012 0.091012 0.13689 0.091012 0.106255 0.091012 0.091012 0.119771 0.091012 0.091012 
0 0 0 0 0 0 0 0 0 0 
0.0879172 0.0879172 0.122621 0.0879172 0.0879172 0.0879172 0.0879172 0.174041 0.0879172 0.0879172 
0 0 0 0 0 0 1 0 0 0 
0.0895979 0.0895979 0.148332 0.0895979 0.0895979 0.0895979 0.0895979 0.134885 0.0895979 0.0895979 
0 0 0 0 0 0 0 1 0 0 
0.0838931 0.0838931 0.086956 0.0838931 0.106394 0.0838931 0.0838931 0.196578 0.106713 0.0838931 
0 0 0 0 0 1 0 0 0 0 
0.0747645 0.0747645 0.0747645 0.0747645 0.157929 0.0747645 0.0747645 0.0747645 0.243955 0.0747645 
0 0 0 0 0 0 0 0 0 0 
0.0899532 0.0899532 0.117011 0.0899532 0.107309 0.0899532 0.0899532 0.136251 0.0997096 0.0899532 
0 0 0 1 0 0 0 0 0 0 
0.0856861 0.0856861 0.17287 0.0856861 0.141641 0.0856861 0.0856861 0.0856861 0.0856861 0.0856861 
0 0 0 0 0 0 1 0 0 0 
0.0932912 0.0932912 0.160379 0.0932912 0.0932912 0.0932912 0.0932912 0.0932912 0.0932912 0.0932912 
0 0 0 0 1 0 0 0 0 0 
0.0907266 0.0907266 0.146818 0.0907266 0.127369 0.0907266 0.0907266 0.0907266 0.0907266 0.0907266 
0 0 0 1 0 0 0 0 0 0 
0.0710561 0.0710561 0.0869333 0.0710561 0.0710561 0.0710561 0.0710561 0.344618 0.0710561 0.0710561 
0 0 0 1 0 0 0 0 0 0 
0.0902535 0.0902535 0.152356 0.0902535 0.125615 0.0902535 0.0902535 0.0902535 0.0902535 0.0902535 
0 0 0 0 0 1 0 0 0 0 
0.0808153 0.0808153 0.0808153 0.0808153 0.113237 0.0808153 0.0808153 0.155235 0.16582 0.0808153 
0 0 0 0 1 0 0 0 0 0 
0.0918283 0.0918283 0.127062 0.0918283 0.138312 0.0918283 0.0918283 0.0918283 0.0918283 0.0918283 
0 0 0 0 0 0 0 0 0 1 
0.089427 0.089427 0.169767 0.089427 0.114817 0.089427 0.089427 0.089427 0.089427 0.089427 
0 0 0 0 0 0 0 0 1 0 
0.0632276 0.0632276 0.0632276 0.0632276 0.132181 0.0632276 0.0632276 0.104925 0.3203 0.0632276 
0 0 0 0 0 0 1 0 0 0 
0.0894798 0.0894798 0.1249 0.0894798 0.108582 0.0894798 0.0894798 0.14016 0.0894798 0.0894798 
0 0 1 0 0 0 0 0 0 0 
0.0915035 0.0915035 0.152891 0.0915035 0.0915035 0.0915035 0.0915035 0.115081 0.0915035 0.0915035 
0 0 0 0 0 0 0 0 0 0 
0.0854467 0.0854467 0.0886849 0.0854467 0.156455 0.0854467 0.0854467 0.116308 0.125872 0.0854467 
0 0 0 0 0 0 1 0 0 0 
0.0879196 0.0879196 0.172041 0.0879196 0.124603 0.0879196 0.0879196 0.0879196 0.0879196 0.0879196 
0 0 0 0 0 0 0 0 0 0 
0.0866185 0.0866185 0.1648 0.0866185 0.0866185 0.0866185 0.0866185 0.142252 0.0866185 0.0866185 
0 0 0 0 0 0 0 0 0 1 
0.0868701 0.0868701 0.145702 0.0868701 0.159337 0.0868701 0.0868701 0.0868701 0.0868701 0.0868701 
0 0 0 0 0 0 0 0 0 1 
0.0887228 0.0887228 0.144657 0.0887228 0.143309 0.0887228 0.0887228 0.0909752 0.0887228 0.0887228 
0 0 0 0 0 1 0 0 0 0 
0.0893626 0.0893626 0.123825 0.0893626 0.137393 0.0893626 0.0893626 0.113244 0.0893626 0.0893626 
0 0 0 0 0 0 0 1 0 0 
0.0923043 0.0923043 0.12831 0.0923043 0.126344 0.0923043 0.0923043 0.0992154 0.0923043 0.0923043 
0 0 0 0 0 1 0 0 0 0 
0.0832286 0.0832286 0.110144 0.0832286 0.0958758 0.0832286 0.0832286 0.211379 0.0832286 0.0832286 
0 0 0 0 0 0 0 1 0 0 
0.0898839 0.0898839 0.162431 0.0898839 0.0917135 0.0898839 0.0898839 0.116668 0.0898839 0.0898839 
0 0 1 0 0 0 0 0 0 0 
0.0845976 0.0845976 0.221048 0.0845976 0.102171 0.0845976 0.0845976 0.0845976 0.0845976 0.0845976 
0 0 0 0 0 0 1 0 0 0 
0.090033 0.090033 0.146311 0.090033 0.133425 0.090033 0.090033 0.090033 0.090033 0.090033 
0 0 1 0 0 0 0 0 0 0 
0.0896549 0.0896549 0.191072 0.0896549 0.0896549 0.0896549 0.0896549 0.0916881 0.0896549 0.0896549 
0 0 0 0 0 0 0 0 0 0 
0.0928571 0.0928571 0.156351 0.0928571 0.0928571 0.0928571 0.0928571 0.100792 0.0928571 0.0928571 
0 0 0 0 0 0 0 1 0 0 
0.055121 0.055121 0.055121 0.055121 0.055121 0.055121 0.055121 0.449616 0.109416 0.055121 
0 0 0 0 0 0 0 0 0 0 
0.0802865 0.0802865 0.0802865 0.0802865 0.109145 0.0802865 0.0802865 0.182884 0.145965 0.0802865 
0 0 0 0 0 0 0 0 0 1 
0.0891635 0.0891635 0.0903247 0.0891635 0.168654 0.0891635 0.0891635 0.0891635 0.116877 0.0891635 
0 0 1 0 0 0 0 0 0 0 
0.0816385 0.0816385 0.0816385 0.0816385 0.10264 0.0816385 0.0816385 0.131102 0.194789 0.0816385 
0 0 0 0 0 0 0 0 0 0 
0.0886663 0.0886663 0.109827 0.0886663 0.104522 0.0886663 0.0886663 0.147228 0.106426 0.0886663 
0 1 0 0 0 0 0 0 0 0 
0.0927788 0.0927788 0.132882 0.0927788 0.106562 0.0927788 0.0927788 0.110547 0.0933356 0.0927788 
0 0 0 0 0 0 0 0 0 1 
0.093973 0.093973 0.119578 0.093973 0.128638 0.093973 0.093973 0.093973 0.093973 0.093973 
0 0 0 1 0 0 0 0 0 0 
0.0916828 0.0916828 0.136653 0.0916828 0.117481 0.0916828 0.0916828 0.104086 0.0916828 0.0916828 
0 0 0 0 1 0 0 0 0 0 
0.0883763 0.0883763 0.0899554 0.0883763 0.177797 0.0883763 0.0883763 0.0883763 0.113614 0.0883763 
0 0 1 0 0 0 0 0 0 0 
0.0820381 0.0820381 0.0820381 0.0820381 0.137476 0.0820381 0.0820381 0.0898608 0.198397 0.0820381 
0 1 0 0 0 0 0 0 0 0 
0.0880754 0.0880754 0.0880754 0.0880754 0.110811 0.0880754 0.0880754 0.116877 0.155784 0.0880754 
0 0 0 0 0 1 0 0 0 0 
0.0905152 0.0905152 0.120428 0.0905152 0.108192 0.0905152 0.0905152 0.137773 0.0905152 0.0905152 
0 0 1 0 0 0 0 0 0 0 
0.0893997 0.0893997 0.154441 0.0893997 0.0970167 0.0893997 0.0893997 0.122745 0.0893997 0.0893997 
0 0 0 1 0 0 0 0 0 0 
0.0906127 0.0906127 0.138699 0.0906127 0.1364 0.0906127 0.0906127 0.0906127 0.0906127 0.0906127 
0 0 0 0 0 0 0 0 1 0 
0.0529588 0.0529588 0.0529588 0.0529588 0.131304 0.0529588 0.0529588 0.0711575 0.426827 0.0529588 
0 0 0 0 0 0 0 0 0 1 
0.0927502 0.0927502 0.161939 0.0927502 0.0927502 0.0927502 0.0927502 0.0960592 0.0927502 0.0927502 
0 0 0 0 0 0 0 0 0 1 
0.0908604 0.0908604 0.109707 0.0908604 0.147996 0.0908604 0.0908604 0.101192 0.0959428 0.0908604 
0 0 0 0 0 0 1 0 0 0 
0.0892388 0.0892388 0.15281 0.0892388 0.0892388 0.0892388 0.0892388 0.13328 0.0892388 0.0892388 
0 0 0 0 0 0 0 1 0 0 
0.089681 0.089681 0.133186 0.089681 0.0957918 0.089681 0.089681 0.143255 0.089681 0.089681 
0 1 0 0 0 0 0 0 0 0 
0.0807367 0.0807367 0.0807367 0.0807367 0.119922 0.0807367 0.0807367 0.15486 0.160061 0.0807367 
0 0 0 0 1 0 0 0 0 0 
0.090097 0.090097 0.110449 0.090097 0.117254 0.090097 0.090097 0.135398 0.0963164 0.090097 
0 0 0 0 0 1 0 0 0 0 
0.0899376 0.0899376 0.124885 0.0899376 0.106488 0.0899376 0.0899376 0.139064 0.0899376 0.0899376 
0 1 0 0 0 0 0 0 0 0 
0.087214 0.087214 0.087214 0.087214 0.136265 0.087214 0.087214 0.0985377 0.154699 0.087214 
0 0 0 0 0 0 0 1 0 0 
0.0878902 0.0878902 0.114467 0.0878902 0.116157 0.0878902 0.0878902 0.148126 0.0939089 0.0878902 
0 0 0 0 0 0 0 0 0 1 
0.087671 0.087671 0.180151 0.087671 0.118482 0.087671 0.087671 0.087671 0.087671 0.087671 
0 0 0 0 0 0 0 0 1 0 
0.0762462 0.0762462 0.0762462 0.0762462 0.172959 0.0762462 0.0762462 0.0762462 0.217071 0.0762462 
0 0 0 0 0 1 0 0 0 0 
0.0874909 0.0874909 0.104239 0.0874909 0.185624 0.0874909 0.0874909 0.0874909 0.0977009 0.0874909 
0 0 0 0 1 0 0 0 0 0 
0.0905257 0.0905257 0.121152 0.0905257 0.101927 0.0905257 0.0905257 0.143241 0.0905257 0.0905257 
0 0 0 0 0 0 0 0 0 0 
0.0915629 0.0915629 0.127895 0.0915629 0.113953 0.0915629 0.0915629 0.117212 0.0915629 0.0915629 
0 0 0 0 0 1 0 0 0 0 
0.0876437 0.0876437 0.0951123 0.0876437 0.165354 0.0876437 0.0876437 0.102028 0.111643 0.0876437 
0 0 0 0 0 0 1 0 0 0 
0.0924559 0.0924559 0.111331 0.0924559 0.105928 0.0924559 0.0924559 0.135551 0.0924559 0.0924559 
0 0 0 0 0 0 0 0 0 1 
0.0851168 0.0851168 0.0851168 0.0851168 0.141176 0.0851168 0.0851168 0.121516 0.14149 0.0851168 
0 0 0 0 0 1 0 0 0 0 
0.0916118 0.0916118 0.125335 0.0916118 0.134958 0.0916118 0.0916118 0.0984243 0.0916118 0.0916118 
0 0 0 0 1 0 0 0 0 0 
0.092154 0.092154 0.13231 0.092154 0.129165 0.092154 0.092154 0.0934468 0.092154 0.092154 
0 1 0 0 0 0 0 0 0 0 
0.093054 0.093054 0.137254 0.093054 0.100818 0.093054 0.093054 0.11055 0.093054 0.093054 
0 0 0 0 0 0 0 1 0 0 
0.0920745 0.0920745 0.141882 0.0920745 0.121522 0.0920745 0.0920745 0.0920745 0.0920745 0.0920745 
0 0 0 0 0 0 1 0 0 0 
0.0836709 0.0836709 0.11225 0.0836709 0.20603 0.0836709 0.0836709 0.0836709 0.0960235 0.0836709 
0 0 0 0 0 0 0 0 0 1 
0.0732339 0.0732339 0.0732339 0.0732339 0.167893 0.0732339 0.0732339 0.0732339 0.246236 0.0732339 
0 0 0 0 1 0 0 0 0 0 
0.090701 0.090701 0.12836 0.090701 0.146032 0.090701 0.090701 0.090701 0.090701 0.090701 
0 0 0 0 0 0 0 0 1 0 
0.0855427 0.0855427 0.0866844 0.0855427 0.139312 0.0855427 0.0855427 0.105248 0.1555 0.0855427 
0 0 0 0 0 0 1 0 0 0 
0.0844202 0.0844202 0.0844202 0.0844202 0.121233 0.0844202 0.0844202 0.154002 0.133823 0.0844202 
0 1 0 0 0 0 0 0 0 0 
0.0866323 0.0866323 0.0952488 0.0866323 0.130964 0.0866323 0.0866323 0.127299 0.126694 0.0866323 
0 0 0 0 1 0 0 0 0 0 
0.0848277 0.0848277 0.0848277 0.0848277 0.136389 0.0848277 0.0848277 0.120323 0.149494 0.0848277 
0 0 0 0 0 1 0 0 0 0 
0.0922915 0.0922915 0.140888 0.0922915 0.120781 0.0922915 0.0922915 0.0922915 0.0922915 0.0922915 
0 1 0 0 0 0 0 0 0 0 
0.0899133 0.0899133 0.104862 0.0899133 0.12911 0.0899133 0.0899133 0.127214 0.099334 0.0899133 
0 0 0 0 1 0 0 0 0 0 
0.0905521 0.0905521 0.141449 0.0905521 0.134135 0.0905521 0.0905521 0.0905521 0.0905521 0.0905521 
0 0 1 0 0 0 0 0 0 0 
0.0918865 0.0918865 0.131363 0.0918865 0.130461 0.0918865 0.0918865 0.0949701 0.0918865 0.0918865 
0 0 0 0 0 0 0 0 0 0 
0.0855406 0.0855406 0.0910403 0.0855406 0.121776 0.0855406 0.0855406 0.131231 0.142709 0.0855406 
0 0 0 0 1 0 0 0 0 0 
0.0900443 0.0900443 0.113262 0.0900443 0.127313 0.0900443 0.0900443 0.129115 0.0900443 0.0900443 
0 0 0 0 0 0 0 0 0 1 
0.0937214 0.0937214 0.107693 0.0937214 0.142535 0.0937214 0.0937214 0.0937214 0.0937214 0.0937214 
0 0 0 0 0 0 0 0 0 0 
0.0889523 0.0889523 0.112978 0.0889523 0.106902 0.0889523 0.0889523 0.157454 0.0889523 0.0889523 
0 0 0 0 0 0 0 1 0 0 
0.0871285 0.0871285 0.0997351 0.0871285 0.103807 0.0871285 0.0871285 0.167596 0.106091 0.0871285 
0 0 0 0 0 0 0 1 0 0 
0.0600475 0.0600475 0.0600475 0.0600475 0.105497 0.0600475 0.0600475 0.122848 0.351323 0.0600475 
0 0 0 0 1 0 0 0 0 0 
0.0877657 0.0877657 0.152894 0.0877657 0.124646 0.0877657 0.0877657 0.1081 0.0877657 0.0877657 
0 0 0 0 1 0 0 0 0 0 
0.0909664 0.0909664 0.108977 0.0909664 0.152963 0.0909664 0.0909664 0.101295 0.0909664 0.0909664 
0 0 0 0 0 0 0 0 0 1 
0.0874444 0.0874444 0.184751 0.0874444 0.115694 0.0874444 0.0874444 0.0874444 0.0874444 0.0874444 
0 0 0 0 0 1 0 0 0 0 
0.0831712 0.0831712 0.106944 0.0831712 0.0831712 0.0831712 0.0831712 0.227687 0.0831712 0.0831712 
0 0 0 0 0 0 0 1 0 0 
0.0720341 0.0720341 0.0720341 0.0720341 0.0937797 0.0720341 0.0720341 0.21232 0.189662 0.0720341 
0 0 0 0 0 0 0 0 0 1 
0.0870531 0.0870531 0.182165 0.0870531 0.0870531 0.0870531 0.0870531 0.12141 0.0870531 0.0870531 
0 0 0 0 0 0 0 0 0 1 
0.0874372 0.0874372 0.136263 0.0874372 0.0874372 0.0874372 0.0874372 0.164239 0.0874372 0.0874372 
0 0 0 0 0 0 0 0 1 0 
0.0629071 0.0629071 0.0629071 0.0629071 0.105467 0.0629071 0.0629071 0.115072 0.339112 0.0629071 
0 0 0 0 0 0 0 0 1 0 
0.0393917 0.0393917 0.0393917 0.0393917 0.0636176 0.0393917 0.0393917 0.159872 0.500768 0.0393917 
0 0 0 0 0 0 1 0 0 0 
0.0904294 0.0904294 0.118745 0.0904294 0.132081 0.0904294 0.0904294 0.116167 0.0904294 0.0904294 
0 1 0 0 0 0 0 0 0 0 
0.0865375 0.0865375 0.179954 0.0865375 0.127747 0.0865375 0.0865375 0.0865375 0.0865375 0.0865375 
0 0 0 0 0 0 1 0 0 0 
0.0804468 0.0804468 0.0804468 0.0804468 0.192962 0.0804468 0.0804468 0.0804468 0.163464 0.0804468 
0 0 0 0 0 1 0 0 0 0 
0.0882459 0.0882459 0.0978494 0.0882459 0.173142 0.0882459 0.0882459 0.0882459 0.111287 0.0882459 
0 0 0 0 0 0 1 0 0 0 
0.0786255 0.0786255 0.0786255 0.0786255 0.130401 0.0786255 0.0786255 0.119717 0.199504 0.0786255 
0 0 1 0 0 0 0 0 0 0 
0.0861054 0.0861054 0.210399 0.0861054 0.100757 0.0861054 0.0861054 0.0861054 0.0861054 0.0861054 
0 0 0 0 0 0 0 0 1 0 
0.057854 0.057854 0.057854 0.057854 0.190257 0.057854 0.057854 0.057854 0.346911 0.057854 
0 1 0 0 0 0 0 0 0 0 
0.0943985 0.0943985 0.103706 0.0943985 0.134392 0.0943985 0.0943985 0.101112 0.0943985 0.0943985 
0 0 0 0 0 0 1 0 0 0 
0.0911721 0.0911721 0.11453 0.0911721 0.114789 0.0911721 0.0911721 0.132476 0.0911721 0.0911721 
0 0 0 0 0 0 0 0 0 0 
0.0886411 0.0886411 0.115939 0.0886411 0.113495 0.0886411 0.0886411 0.146261 0.0924588 0.0886411 
0 1 0 0 0 0 0 0 0 0 
0.0908428 0.0908428 0.122569 0.0908428 0.150689 0.0908428 0.0908428 0.0908428 0.0908428 0.0908428 
0 0 0 0 0 0 0 0 1 0 
0.0654017 0.0654017 0.0654017 0.0654017 0.0769365 0.0654017 0.0654017 0.275074 0.190177 0.0654017 
0 0 0 0 0 0 1 0 0 0 
0.0840329 0.0840329 0.0840329 0.0840329 0.108964 0.0840329 0.0840329 0.187663 0.115143 0.0840329 
0 0 0 0 0 0 0 0 0 1 
0.0896543 0.0896543 0.161025 0.0896543 0.12174 0.0896543 0.0896543 0.0896543 0.0896543 0.0896543 
0 0 0 0 0 1 0 0 0 0 
0.0863866 0.0863866 0.201376 0.0863866 0.107531 0.0863866 0.0863866 0.0863866 0.0863866 0.0863866 
0 1 0 0 0 0 0 0 0 0 
0.0833591 0.0833591 0.0858622 0.0833591 0.119932 0.0833591 0.0833591 0.126373 0.167678 0.0833591 
0 0 0 0 0 0 0 0 0 1 
0.0858887 0.0858887 0.164207 0.0858887 0.148684 0.0858887 0.0858887 0.0858887 0.0858887 0.0858887 
0 0 0 0 0 0 0 0 0 0 
0.0865969 0.0865969 0.0945335 0.0865969 0.133074 0.0865969 0.0865969 0.125836 0.126975 0.0865969 
0 0 0 0 0 1 0 0 0 0 
0.0863886 0.0863886 0.0975867 0.0863886 0.0994628 0.0863886 0.0863886 0.191119 0.0935002 0.0863886 
0 0 1 0 0 0 0 0 0 0 
0.0882058 0.0882058 0.18753 0.0882058 0.106823 0.0882058 0.0882058 0.0882058 0.0882058 0.0882058 
0 0 0 0 0 0 0 0 1 0 
0.0829021 0.0829021 0.0829021 0.0829021 0.135601 0.0829021 0.0829021 0.117364 0.16672 0.0829021 
0 0 0 0 1 0 0 0 0 0 
0.089303 0.089303 0.142542 0.089303 0.143034 0.089303 0.089303 0.089303 0.089303 0.089303 
0 0 0 0 0 0 0 0 0 0 
0.088575 0.088575 0.0999957 0.088575 0.120971 0.088575 0.088575 0.131001 0.116582 0.088575 
0 1 0 0 0 0 0 0 0 0 
0.0881075 0.0881075 0.0996169 0.0881075 0.142405 0.0881075 0.0881075 0.109428 0.119906 0.0881075 
0 0 0 0 0 1 0 0 0 0 
0.0892021 0.0892021 0.13103 0.0892021 0.111483 0.0892021 0.0892021 0.133072 0.0892021 0.0892021 
0 0 1 0 0 0 0 0 0 0 
0.0894419 0.0894419 0.135201 0.0894419 0.106848 0.0894419 0.0894419 0.131858 0.0894419 0.0894419 
0 0 0 0 0 0 0 0 0 0 
0.0801223 0.0801223 0.0801223 0.0801223 0.122494 0.0801223 0.0801223 0.156804 0.159845 0.0801223 
0 0 0 0 0 0 0 0 0 0 
0.0897882 0.0897882 0.188366 0.0897882 0.0897882 0.0897882 0.0897882 0.0933286 0.0897882 0.0897882 
0 0 0 0 0 1 0 0 0 0 
0.0905909 0.0905909 0.13202 0.0905909 0.140026 0.0905909 0.0905909 0.0938171 0.0905909 0.0905909 
0 0 0 0 0 0 0 1 0 0 
0.0818913 0.0818913 0.086304 0.0818913 0.0940581 0.0818913 0.0818913 0.199083 0.129207 0.0818913 
0 0 0 0 0 0 0 0 0 1 
0.0914399 0.0914399 0.12868 0.0914399 0.134865 0.0914399 0.0914399 0.0963756 0.0914399 0.0914399 
0 0 0 1 0 0 0 0 0 0 
0.090742 0.090742 0.173765 0.090742 0.100299 0.090742 0.090742 0.090742 0.090742 0.090742 
0 0 0 0 0 0 0 1 0 0 
0.0824619 0.0824619 0.0919324 0.0824619 0.119286 0.0824619 0.0824619 0.177404 0.116607 0.0824619 
0 0 0 0 0 0 0 1 0 0 
0.0828023 0.0828023 0.101953 0.0828023 0.0934904 0.0828023 0.0828023 0.21536 0.0923823 0.0828023 
0 0 0 0 1 0 0 0 0 0 
0.088283 0.088283 0.186334 0.088283 0.088283 0.088283 0.088283 0.107401 0.088283 0.088283 
0 1 0 0 0 0 0 0 0 0 
0.092078 0.092078 0.126681 0.092078 0.136694 0.092078 0.092078 0.092078 0.092078 0.092078 
0 0 0 0 1 0 0 0 0 0 
0.0898299 0.0898299 0.11324 0.0898299 0.151495 0.0898299 0.0898299 0.092995 0.10329 0.0898299 
0 0 0 0 0 0 0 0 0 0 
0.0891217 0.0891217 0.14473 0.0891217 0.142297 0.0891217 0.0891217 0.0891217 0.0891217 0.0891217 
0 0 0 0 0 0 1 0 0 0 
0.0920687 0.0920687 0.145309 0.0920687 0.118141 0.0920687 0.0920687 0.0920687 0.0920687 0.0920687 
0 0 0 0 0 0 0 1 0 0 
0.0892139 0.0892139 0.169867 0.0892139 0.116422 0.0892139 0.0892139 0.0892139 0.0892139 0.0892139 
0 0 0 1 0 0 0 0 0 0 
0.086938 0.086938 0.086938 0.086938 0.103231 0.086938 0.086938 0.16063 0.127573 0.086938 
0 0 0 0 0 0 1 0 0 0 
0.0878148 0.0878148 0.164793 0.0878148 0.132689 0.0878148 0.0878148 0.0878148 0.0878148 0.0878148 
0 0 0 0 0 0 0 0 0 1 
0.0886644 0.0886644 0.174681 0.0886644 0.116004 0.0886644 0.0886644 0.0886644 0.0886644 0.0886644 
0 1 0 0 0 0 0 0 0 0 
0.088381 0.088381 0.2008 0.088381 0.0900689 0.088381 0.088381 0.0904638 0.088381 0.088381 
0 0 0 0 0 1 0 0 0 0 
0.0901524 0.0901524 0.0963126 0.0901524 0.132778 0.0901524 0.0901524 0.139514 0.0904812 0.0901524 
0 0 0 0 1 0 0 0 0 0 
0.0876129 0.0876129 0.103248 0.0876129 0.195849 0.0876129 0.0876129 0.0876129 0.0876129 0.0876129 
0 0 0 0 0 0 0 0 0 0 
0.0859512 0.0859512 0.0859512 0.0859512 0.105733 0.0859512 0.0859512 0.168684 0.123925 0.0859512 
0 0 0 0 0 0 0 1 0 0 
0.0528145 0.0528145 0.0528145 0.0528145 0.058581 0.0528145 0.0528145 0.353728 0.217989 0.0528145 
0 0 0 0 0 0 1 0 0 0 
0.0890098 0.0890098 0.160173 0.0890098 0.127748 0.0890098 0.0890098 0.0890098 0.0890098 0.0890098 
0 0 1 0 0 0 0 0 0 0 
0.0886264 0.0886264 0.100523 0.0886264 0.135725 0.0886264 0.0886264 0.127136 0.104857 0.0886264 
0 0 0 0 0 0 0 0 0 0 
0.0872232 0.0872232 0.130567 0.0872232 0.0872232 0.0872232 0.0872232 0.171648 0.0872232 0.0872232 
0 0 0 0 0 1 0 0 0 0 
0.0909203 0.0909203 0.113372 0.0909203 0.127685 0.0909203 0.0909203 0.122501 0.0909203 0.0909203 
0 0 0 0 0 0 0 0 1 0 
0.0869128 0.0869128 0.0883446 0.0869128 0.147209 0.0869128 0.0869128 0.114795 0.128175 0.0869128 
0 0 0 0 1 0 0 0 0 0 
0.0818489 0.0818489 0.0818489 0.0818489 0.13739 0.0818489 0.0818489 0.0974089 0.192258 0.0818489 
0 0 0 0 1 0 0 0 0 0 
0.0899544 0.0899544 0.129105 0.0899544 0.15126 0.0899544 0.0899544 0.0899544 0.0899544 0.0899544 
0 1 0 0 0 0 0 0 0 0 
0.0860954 0.0860954 0.0860954 0.0860954 0.114712 0.0860954 0.0860954 0.1261 0.15652 0.0860954 
0 0 0 0 0 1 0 0 0 0 
0.0862282 0.0862282 0.166489 0.0862282 0.143685 0.0862282 0.0862282 0.0862282 0.0862282 0.0862282 
0 0 0 0 0 1 0 0 0 0 
0.0745468 0.0745468 0.0863083 0.0745468 0.0964506 0.0745468 0.0745468 0.229826 0.140134 0.0745468 
0 0 0 0 0 0 0 1 0 0 
0.0785893 0.0785893 0.0899383 0.0785893 0.0862158 0.0785893 0.0785893 0.242541 0.109769 0.0785893 
0 0 0 1 0 0 0 0 0 0 
0.0939359 0.0939359 0.125121 0.0939359 0.0990098 0.0939359 0.0939359 0.118319 0.0939359 0.0939359 
0 0 0 0 1 0 0 0 0 0 
0.0888589 0.0888589 0.106845 0.0888589 0.162611 0.0888589 0.0888589 0.0888589 0.108531 0.0888589 
0 0 0 0 0 0 0 1 0 0 
0.0893079 0.0893079 0.160813 0.0893079 0.0958848 0.0893079 0.0893079 0.118147 0.0893079 0.0893079 
0 0 0 0 0 0 0 1 0 0 
0.0892895 0.0892895 0.12697 0.0892895 0.158714 0.0892895 0.0892895 0.0892895 0.0892895 0.0892895 
0 0 0 1 0 0 0 0 0 0 
0.0913006 0.0913006 0.0913006 0.0913006 0.12257 0.0913006 0.0913006 0.110321 0.128005 0.0913006 
0 0 0 0 0 0 0 0 0 0 
0.0913525 0.0913525 0.131873 0.0913525 0.12155 0.0913525 0.0913525 0.10711 0.0913525 0.0913525 
0 1 0 0 0 0 0 0 0 0 
0.0704348 0.0704348 0.0704348 0.0704348 0.167497 0.0704348 0.0704348 0.0972489 0.242211 0.0704348 
0 0 0 0 0 0 0 0 1 0 
0.0838923 0.0838923 0.100115 0.0838923 0.184802 0.0838923 0.0838923 0.0838923 0.127837 0.0838923 
0 0 0 0 0 0 1 0 0 0 
0.0897975 0.0897975 0.114592 0.0897975 0.12166 0.0897975 0.0897975 0.134973 0.0899897 0.0897975 
0 0 0 0 0 0 0 0 1 0 
0.0528214 0.0528214 0.0528214 0.0528214 0.174204 0.0528214 0.0528214 0.0528214 0.393997 0.0620495 
0 0 0 0 1 0 0 0 0 0 
0.0884036 0.0884036 0.0921295 0.0884036 0.182674 0.0884036 0.0884036 0.0884036 0.106372 0.0884036 
0 0 0 0 0 0 1 0 0 0 
0.0878614 0.0878614 0.115176 0.0878614 0.181933 0.0878614 0.0878614 0.0878614 0.0878614 0.0878614 
0 0 0 0 0 0 0 0 1 0 
0.0387449 0.0387449 0.0387449 0.0387449 0.0699776 0.0387449 0.0387449 0.0904575 0.558072 0.0490234 
0 0 0 0 0 0 1 0 0 0 
0.0921428 0.0921428 0.134276 0.0921428 0.128582 0.0921428 0.0921428 0.0921428 0.0921428 0.0921428 
0 0 0 0 1 0 0 0 0 0 
0.0877185 0.0877185 0.0950875 0.0877185 0.165357 0.0877185 0.0877185 0.106888 0.106356 0.0877185 
0 0 0 0 0 0 0 0 0 0 
0.0854824 0.0854824 0.0854824 0.0854824 0.11847 0.0854824 0.0854824 0.129585 0.153568 0.0854824 
0 0 0 0 0 0 0 0 0 0 
0.0910113 0.0910113 0.126109 0.0910113 0.108555 0.0910113 0.0910113 0.128257 0.0910113 0.0910113 
0 0 0 0 0 0 0 0 1 0 
0.0796993 0.0796993 0.0796993 0.0796993 0.1426 0.0796993 0.0796993 0.11241 0.187095 0.0796993 
0 0 0 0 0 0 0 0 0 1 
0.0866158 0.0866158 0.0879509 0.0866158 0.174907 0.0866158 0.0866158 0.0866158 0.130831 0.0866158 
0 0 0 0 0 0 0 1 0 0 
0.0899235 0.0899235 0.190688 0.0899235 0.0899235 0.0899235 0.0899235 0.0899235 0.0899235 0.0899235 
0 0 0 0 1 0 0 0 0 0 
0.090642 0.090642 0.130215 0.090642 0.144649 0.090642 0.090642 0.090642 0.090642 0.090642 
0 0 1 0 0 0 0 0 0 0 
0.0908727 0.0908727 0.147493 0.0908727 0.0981204 0.0908727 0.0908727 0.118278 0.0908727 0.0908727 
0 0 0 0 0 0 0 0 0 0 
0.0872835 0.0872835 0.0892855 0.0872835 0.145736 0.0872835 0.0872835 0.106461 0.134816 0.0872835 
0 0 0 0 0 0 0 1 0 0 
0.0709616 0.0709616 0.122084 0.0709616 0.0709616 0.0709616 0.0709616 0.310223 0.0709616 0.0709616 
0 0 0 0 0 0 0 0 0 1 
0.0914461 0.0914461 0.146748 0.0914461 0.121683 0.0914461 0.0914461 0.0914461 0.0914461 0.0914461 
0 0 0 0 0 0 0 1 0 0 
0.0872024 0.0872024 0.159883 0.0872024 0.0872024 0.0872024 0.0872024 0.142498 0.0872024 0.0872024 
0 0 0 0 1 0 0 0 0 0 
0.089656 0.089656 0.120543 0.089656 0.136467 0.089656 0.089656 0.115346 0.0897089 0.089656 
0 0 0 0 0 0 1 0 0 0 
0.0937159 0.0937159 0.108557 0.0937159 0.134567 0.0937159 0.0937159 0.100245 0.0943356 0.0937159 
0 0 0 0 0 0 0 0 0 1 
0.0923704 0.0923704 0.13266 0.0923704 0.120453 0.0923704 0.0923704 0.100294 0.0923704 0.0923704 
0 0 0 0 1 0 0 0 0 0 
0.0925351 0.0925351 0.107259 0.0925351 0.141787 0.0925351 0.0925351 0.103208 0.0925351 0.0925351 
0 0 0 0 0 0 0 1 0 0 
0.088445 0.088445 0.109968 0.088445 0.1303 0.088445 0.088445 0.126638 0.102424 0.088445 
0 0 0 1 0 0 0 0 0 0 
0.0880978 0.0880978 0.205265 0.0880978 0.0899525 0.0880978 0.0880978 0.0880978 0.0880978 0.0880978 
0 0 0 0 0 0 0 0 0 0 
0.0925657 0.0925657 0.132394 0.0925657 0.127081 0.0925657 0.0925657 0.0925657 0.0925657 0.0925657 
0 0 1 0 0 0 0 0 0 0 
0.0884605 0.0884605 0.177052 0.0884605 0.115264 0.0884605 0.0884605 0.0884605 0.0884605 0.0884605 
0 0 0 0 1 0 0 0 0 0 
0.0885096 0.0885096 0.0885096 0.0885096 0.148696 0.0885096 0.0885096 0.0962696 0.135467 0.0885096 
0 1 0 0 0 0 0 0 0 0 
0.0785213 0.0785213 0.0785213 0.0785213 0.156068 0.0785213 0.0785213 0.0786473 0.215636 0.0785213 
0 0 0 0 0 1 0 0 0 0 
0.0894422 0.0894422 0.110755 0.0894422 0.165973 0.0894422 0.0894422 0.0894422 0.0971771 0.0894422 
0 0 1 0 0 0 0 0 0 0 
0.0847133 0.0847133 0.213038 0.0847133 0.109256 0.0847133 0.0847133 0.0847133 0.0847133 0.0847133 
0 0 0 0 0 0 0 0 0 1 
0.088673 0.088673 0.193259 0.088673 0.0973569 0.088673 0.088673 0.088673 0.088673 0.088673 
0 0 1 0 0 0 0 0 0 0 
0.0875053 0.0875053 0.212453 0.0875053 0.0875053 0.0875053 0.0875053 0.0875053 0.0875053 0.0875053 
0 0 0 0 0 0 0 0 1 0 
0.0497553 0.0497553 0.0497553 0.0497553 0.153037 0.0497553 0.0497553 0.0514991 0.447177 0.0497553 
0 0 0 0 0 0 0 1 0 0 
0.0855458 0.0855458 0.220091 0.0855458 0.0955429 0.0855458 0.0855458 0.0855458 0.0855458 0.0855458 
0 0 0 0 0 0 0 1 0 0 
0.0782711 0.0782711 0.0782711 0.0782711 0.0819966 0.0782711 0.0782711 0.248651 0.121455 0.0782711 
0 0 0 0 0 0 0 0 1 0 
0.069396 0.069396 0.069396 0.069396 0.149399 0.069396 0.069396 0.0994254 0.265403 0.069396 
0 0 1 0 0 0 0 0 0 0 
0.0857958 0.0857958 0.0958607 0.0857958 0.0885731 0.0857958 0.0857958 0.140831 0.159961 0.0857958 
0 0 0 0 0 0 0 0 1 0 
0.0555783 0.0555783 0.0555783 0.0555783 0.152749 0.0555783 0.0555783 0.0585518 0.39965 0.0555783 
0 0 1 0 0 0 0 0 0 0 
0.0900605 0.0900605 0.187426 0.0900605 0.0920897 0.0900605 0.0900605 0.0900605 0.0900605 0.0900605 
0 0 0 0 0 0 0 0 0 0 
0.0850655 0.0850655 0.0850655 0.0850655 0.130265 0.0850655 0.0850655 0.128297 0.14598 0.0850655 
0 0 0 0 0 1 0 0 0 0 
0.0867873 0.0867873 0.0875964 0.0867873 0.158415 0.0867873 0.0867873 0.1008 0.132464 0.0867873 
0 1 0 0 0 0 0 0 0 0 
0.0905071 0.0905071 0.122186 0.0905071 0.153293 0.0905071 0.0905071 0.0909712 0.0905071 0.0905071 
0 0 1 0 0 0 0 0 0 0 
0.0905101 0.0905101 0.0982518 0.0905101 0.109716 0.0905101 0.0905101 0.158461 0.0905101 0.0905101 
0 0 0 0 0 0 0 0 0 1 
0.0920352 0.0920352 0.15483 0.0920352 0.108888 0.0920352 0.0920352 0.0920352 0.0920352 0.0920352 
0 0 1 0 0 0 0 0 0 0 
0.0834189 0.0834189 0.0834189 0.0834189 0.140837 0.0834189 0.0834189 0.103459 0.171772 0.0834189 
0 0 0 0 0 0 0 1 0 0 
0.0912126 0.0912126 0.164347 0.0912126 0.105952 0.0912126 0.0912126 0.0912126 0.0912126 0.0912126 
0 0 0 0 1 0 0 0 0 0 
0.0894942 0.0894942 0.104355 0.0894942 0.126955 0.0894942 0.0894942 0.137171 0.0945535 0.0894942 
0 0 0 1 0 0 0 0 0 0 
0.0916644 0.0916644 0.133879 0.0916644 0.0998178 0.0916644 0.0916644 0.124653 0.0916644 0.0916644 
0 0 0 0 1 0 0 0 0 0 
0.084726 0.084726 0.084726 0.084726 0.148702 0.084726 0.084726 0.110486 0.14773 0.084726 
0 0 0 0 1 0 0 0 0 0 
0.0838115 0.0838115 0.121948 0.0838115 0.087754 0.0838115 0.0838115 0.203618 0.0838115 0.0838115 
0 0 0 0 0 0 0 0 0 1 
0.0829335 0.0829335 0.0829335 0.0829335 0.159402 0.0829335 0.0829335 0.0976765 0.162387 0.0829335 
0 0 0 0 0 0 0 0 0 1 
0.0923904 0.0923904 0.161693 0.0923904 0.0991843 0.0923904 0.0923904 0.0923904 0.0923904 0.0923904 
0 0 0 0 1 0 0 0 0 0 
0.0863643 0.0863643 0.103871 0.0863643 0.102337 0.0863643 0.0863643 0.142273 0.133333 0.0863643 
0 0 0 0 0 0 1 0 0 0 
0.0886944 0.0886944 0.105102 0.0886944 0.130293 0.0886944 0.0886944 0.0946008 0.137838 0.0886944 
0 0 1 0 0 0 0 0 0 0 
0.0902965 0.0902965 0.182403 0.0902965 0.0902965 0.0902965 0.0902965 0.0952255 0.0902965 0.0902965 
0 0 0 0 0 0 0 0 0 0 
0.0905663 0.0905663 0.14916 0.0905663 0.12631 0.0905663 0.0905663 0.0905663 0.0905663 0.0905663 
0 0 1 0 0 0 0 0 0 0 
0.0845392 0.0845392 0.0845392 0.0845392 0.0869636 0.0845392 0.0845392 0.173551 0.147711 0.0845392 
0 0 0 0 1 0 0 0 0 0 
0.0920147 0.0920147 0.117309 0.0920147 0.129138 0.0920147 0.0920147 0.10945 0.0920147 0.0920147 
0 0 0 0 0 0 1 0 0 0 
0.090611 0.090611 0.174767 0.090611 0.0993008 0.090611 0.090611 0.0916551 0.090611 0.090611 
0 0 0 0 0 0 0 0 0 0 
0.0876416 0.0876416 0.103808 0.0876416 0.171716 0.0876416 0.0876416 0.0876416 0.110985 0.0876416 
0 0 0 0 0 1 0 0 0 0 
0.089068 0.089068 0.162013 0.089068 0.125442 0.089068 0.089068 0.089068 0.089068 0.089068 
0 0 1 0 0 0 0 0 0 0 
0.0852286 0.0852286 0.232943 0.0852286 0.0852286 0.0852286 0.0852286 0.0852286 0.0852286 0.0852286 
0 0 0 0 0 0 0 0 0 1 
0.0897731 0.0897731 0.159251 0.0897731 0.122564 0.0897731 0.0897731 0.0897731 0.0897731 0.0897731 
0 1 0 0 0 0 0 0 0 0 
0.0883141 0.0883141 0.100698 0.0883141 0.142112 0.0883141 0.0883141 0.109045 0.118261 0.0883141 
0 0 0 0 0 0 0 0 0 1 
0.0881444 0.0881444 0.175101 0.0881444 0.119744 0.0881444 0.0881444 0.0881444 0.0881444 0.0881444 
0 0 0 0 0 0 1 0 0 0 
0.0903026 0.0903026 0.132439 0.0903026 0.14514 0.0903026 0.0903026 0.0903026 0.0903026 0.0903026 
0 0 0 0 0 0 0 0 0 0 
0.0863322 0.0863322 0.158718 0.0863322 0.0863322 0.0863322 0.0863322 0.150625 0.0863322 0.0863322 
0 0 1 0 0 0 0 0 0 0 
0.0938615 0.0938615 0.143929 0.0938615 0.105179 0.0938615 0.0938615 0.0938615 0.0938615 0.0938615 
0 0 0 0 1 0 0 0 0 0 
0.0870384 0.0870384 0.102927 0.0870384 0.191103 0.0870384 0.0870384 0.0870384 0.096701 0.0870384 
0 0 0 1 0 0 0 0 0 0 
0.0899355 0.0899355 0.164356 0.0899355 0.116159 0.0899355 0.0899355 0.0899355 0.0899355 0.0899355 
0 0 0 0 0 0 0 0 0 1 
0.0916475 0.0916475 0.150307 0.0916475 0.116513 0.0916475 0.0916475 0.0916475 0.0916475 0.0916475 
0 0 0 0 0 0 0 0 0 1 
0.0916442 0.0916442 0.103068 0.0916442 0.163779 0.0916442 0.0916442 0.0916442 0.0916442 0.0916442 
0 0 0 1 0 0 0 0 0 0 
0.0878897 0.0878897 0.156592 0.0878897 0.140291 0.0878897 0.0878897 0.0878897 0.0878897 0.0878897 
0 0 1 0 0 0 0 0 0 0 
0.0906231 0.0906231 0.171203 0.0906231 0.103813 0.0906231 0.0906231 0.0906231 0.0906231 0.0906231 
0 0 0 0 0 1 0 0 0 0 
0.0907894 0.0907894 0.157749 0.0907894 0.115936 0.0907894 0.0907894 0.0907894 0.0907894 0.0907894 
0 0 1 0 0 0 0 0 0 0 
0.0905985 0.0905985 0.141628 0.0905985 0.0905985 0.0905985 0.0905985 0.133584 0.0905985 0.0905985 
0 1 0 0 0 0 0 0 0 0 
0.0913803 0.0913803 0.143865 0.0913803 0.106324 0.0913803 0.0913803 0.110149 0.0913803 0.0913803 
0 0 0 0 0 0 0 0 0 0 
0.0717531 0.0717531 0.0717531 0.0717531 0.12785 0.0717531 0.0717531 0.116773 0.253106 0.0717531 
0 0 0 0 0 0 0 0 0 1 
0.0903938 0.0903938 0.150769 0.0903938 0.0903938 0.0903938 0.0903938 0.126081 0.0903938 0.0903938 
0 0 1 0 0 0 0 0 0 0 
0.0872237 0.0872237 0.214987 0.0872237 0.0872237 0.0872237 0.0872237 0.0872237 0.0872237 0.0872237 
0 1 0 0 0 0 0 0 0 0 
0.0858434 0.0858434 0.0984647 0.0858434 0.105829 0.0858434 0.0858434 0.159954 0.120691 0.0858434 
0 0 0 0 0 0 0 0 1 0 
0.0828312 0.0828312 0.0914181 0.0828312 0.189003 0.0828312 0.0828312 0.0828312 0.139761 0.0828312 
0 0 0 0 0 0 0 0 1 0 
0.0660739 0.0660739 0.0660739 0.0660739 0.132867 0.0660739 0.0660739 0.0834029 0.321213 0.0660739 
0 0 0 0 0 0 0 1 0 0 
0.0664591 0.0664591 0.0664591 0.0664591 0.0904371 0.0664591 0.0664591 0.249579 0.19477 0.0664591 
0 0 0 0 0 0 0 0 0 1 
0.0905806 0.0905806 0.113248 0.0905806 0.144929 0.0905806 0.0905806 0.107759 0.0905806 0.0905806 
0 0 0 0 0 0 0 1 0 0 
0.0795629 0.0795629 0.144223 0.0795629 0.0795629 0.0795629 0.0795629 0.219274 0.0795629 0.0795629 
0 0 0 0 0 1 0 0 0 0 
0.0869847 0.0869847 0.100253 0.0869847 0.174159 0.0869847 0.0869847 0.0869847 0.116694 0.0869847 
0 0 0 0 1 0 0 0 0 0 
0.0883592 0.0883592 0.105249 0.0883592 0.165756 0.0883592 0.0883592 0.0883592 0.110481 0.0883592 
0 0 0 0 0 0 0 0 0 0 
0.088456 0.088456 0.10776 0.088456 0.13294 0.088456 0.088456 0.127206 0.101358 0.088456 
0 0 0 0 0 0 0 1 0 0 
0.0916149 0.0916149 0.125443 0.0916149 0.119983 0.0916149 0.0916149 0.113269 0.0916149 0.0916149 
0 0 0 0 1 0 0 0 0 0 
0.0681924 0.0681924 0.0681924 0.0681924 0.0917212 0.0681924 0.0681924 0.191913 0.239019 0.0681924 
0 1 0 0 0 0 0 0 0 0 
0.0912413 0.0912413 0.166883 0.0912413 0.0957983 0.0912413 0.0912413 0.0986296 0.0912413 0.0912413 
0 0 0 0 0 0 0 0 0 1 
0.0906599 0.0906599 0.128708 0.0906599 0.146013 0.0906599 0.0906599 0.0906599 0.0906599 0.0906599 
0 1 0 0 0 0 0 0 0 0 
0.0891344 0.0891344 0.0944703 0.0891344 0.119523 0.0891344 0.0891344 0.144006 0.107194 0.0891344 
0 0 0 0 1 0 0 0 0 0 
0.0834458 0.0834458 0.0834458 0.0834458 0.123574 0.0834458 0.0834458 0.121772 0.170534 0.0834458 
0 0 0 0 1 0 0 0 0 0 
0.0751548 0.0751548 0.0751548 0.0751548 0.108376 0.0751548 0.0751548 0.137295 0.228245 0.0751548 
0 0 0 0 1 0 0 0 0 0 
0.0909304 0.0909304 0.132341 0.0909304 0.140216 0.0909304 0.0909304 0.0909304 0.0909304 0.0909304 
0 0 0 0 1 0 0 0 0 0 
0.0903639 0.0903639 0.147417 0.0903639 0.129671 0.0903639 0.0903639 0.0903639 0.0903639 0.0903639 
0 0 0 0 0 1 0 0 0 0 
0.0905815 0.0905815 0.138954 0.0905815 0.109198 0.0905815 0.0905815 0.117777 0.0905815 0.0905815 
0 0 0 0 0 1 0 0 0 0 
0.0913303 0.0913303 0.122872 0.0913303 0.128075 0.0913303 0.0913303 0.109741 0.0913303 0.0913303 
0 0 1 0 0 0 0 0 0 0 
0.0893 0.0893 0.135832 0.0893 0.149768 0.0893 0.0893 0.0893 0.0893 0.0893 
0 0 0 0 0 1 0 0 0 0 
0.0873297 0.0873297 0.0923496 0.0873297 0.105859 0.0873297 0.0873297 0.166599 0.111214 0.0873297 
0 0 0 0 0 0 0 0 1 0 
0.0665559 0.0665559 0.0665559 0.0665559 0.168522 0.0665559 0.0665559 0.0759242 0.289663 0.0665559 
0 0 0 0 0 1 0 0 0 0 
0.0906439 0.0906439 0.104066 0.0906439 0.135676 0.0906439 0.0906439 0.116547 0.0998476 0.0906439 
0 0 0 0 0 0 0 0 0 1 
0.0755888 0.0755888 0.0755888 0.0755888 0.163936 0.0755888 0.0755888 0.0999173 0.207025 0.0755888 
0 0 1 0 0 0 0 0 0 0 
0.0879724 0.0879724 0.208249 0.0879724 0.0879724 0.0879724 0.0879724 0.0879724 0.0879724 0.0879724 
0 0 0 0 0 0 1 0 0 0 
0.0889951 0.0889951 0.124124 0.0889951 0.133824 0.0889951 0.0889951 0.119087 0.0889951 0.0889951 
0 0 0 0 0 0 1 0 0 0 
0.0900775 0.0900775 0.12034 0.0900775 0.140101 0.0900775 0.0900775 0.109017 0.0900775 0.0900775 
0 0 0 1 0 0 0 0 0 0 
0.0842396 0.0842396 0.0842396 0.0842396 0.147426 0.0842396 0.0842396 0.0914205 0.171476 0.0842396 
0 0 0 0 0 0 0 0 1 0 
0.0757302 0.0757302 0.0757302 0.0757302 0.117976 0.0757302 0.0757302 0.158926 0.192986 0.0757302 
0 0 0 0 0 0 0 0 0 1 
0.0888236 0.0888236 0.197466 0.0888236 0.0888236 0.0888236 0.0888236 0.0919452 0.0888236 0.0888236 
0 0 0 0 0 0 1 0 0 0 
0.0923452 0.0923452 0.139876 0.0923452 0.108426 0.0923452 0.0923452 0.105282 0.0923452 0.0923452 
0 0 0 1 0 0 0 0 0 0 
0.0899451 0.0899451 0.141625 0.0899451 0.0899451 0.0899451 0.0899451 0.138814 0.0899451 0.0899451 
0 0 0 0 0 1 0 0 0 0 
0.0902468 0.0902468 0.153849 0.0902468 0.10096 0.0902468 0.0902468 0.113464 0.0902468 0.0902468 
0 0 0 1 0 0 0 0 0 0 
0.0881809 0.0881809 0.155305 0.0881809 0.0910293 0.0881809 0.0881809 0.1364 0.0881809 0.0881809 
0 0 0 0 0 0 0 0 0 1 
0.0927946 0.0927946 0.121081 0.0927946 0.136562 0.0927946 0.0927946 0.0927946 0.0927946 0.0927946 
0 0 0 0 0 0 0 0 0 0 
0.0897852 0.0897852 0.124634 0.0897852 0.0981473 0.0897852 0.0897852 0.122658 0.115849 0.0897852 
0 0 0 0 0 0 0 1 0 0 
0.0792548 0.0792548 0.0877975 0.0792548 0.12377 0.0792548 0.0792548 0.174163 0.138741 0.0792548 
0 0 1 0 0 0 0 0 0 0 
0.0878613 0.0878613 0.162772 0.0878613 0.134337 0.0878613 0.0878613 0.0878613 0.0878613 0.0878613 
0 0 0 0 0 0 1 0 0 0 
0.092501 0.092501 0.122731 0.092501 0.137262 0.092501 0.092501 0.092501 0.092501 0.092501 
0 0 0 0 0 0 0 0 0 1 
0.0894479 0.0894479 0.173271 0.0894479 0.111145 0.0894479 0.0894479 0.0894479 0.0894479 0.0894479 
0 0 0 1 0 0 0 0 0 0 
0.0904638 0.0904638 0.163054 0.0904638 0.0945755 0.0904638 0.0904638 0.109124 0.0904638 0.0904638 
0 0 0 0 0 0 0 0 0 1 
0.079588 0.079588 0.079588 0.079588 0.146144 0.079588 0.079588 0.106816 0.189924 0.079588 
0 0 0 0 0 0 0 0 0 0 
0.0871858 0.0871858 0.0893786 0.0871858 0.127349 0.0871858 0.0871858 0.137162 0.122995 0.0871858 
0 1 0 0 0 0 0 0 0 0 
0.0910182 0.0910182 0.147516 0.0910182 0.124338 0.0910182 0.0910182 0.0910182 0.0910182 0.0910182 
0 0 0 0 0 0 1 0 0 0 
0.0871512 0.0871512 0.164242 0.0871512 0.138548 0.0871512 0.0871512 0.0871512 0.0871512 0.0871512 
0 0 0 0 0 0 0 1 0 0 
0.0889396 0.0889396 0.108845 0.0889396 0.104997 0.0889396 0.0889396 0.159323 0.0931972 0.0889396 
0 0 0 0 0 0 0 0 0 0 
0.0889082 0.0889082 0.120862 0.0889082 0.104343 0.0889082 0.0889082 0.152437 0.0889082 0.0889082 
0 0 0 0 1 0 0 0 0 0 
0.0845752 0.0845752 0.090433 0.0845752 0.1075 0.0845752 0.0845752 0.173609 0.121006 0.0845752 
0 0 0 0 0 0 0 0 0 0 
0.0877689 0.0877689 0.0970416 0.0877689 0.0946289 0.0877689 0.0877689 0.153097 0.12862 0.0877689 
0 0 0 1 0 0 0 0 0 0 
0.0914746 0.0914746 0.113962 0.0914746 0.132382 0.0914746 0.0914746 0.11002 0.0947892 0.0914746 
0 0 0 0 1 0 0 0 0 0 
0.0911044 0.0911044 0.134572 0.0911044 0.101512 0.0911044 0.0911044 0.126185 0.0911044 0.0911044 
0 0 1 0 0 0 0 0 0 0 
0.0902295 0.0902295 0.164914 0.0902295 0.0902295 0.0902295 0.0902295 0.11325 0.0902295 0.0902295 
0 0 0 0 0 0 0 1 0 0 
0.0854116 0.0854116 0.0872701 0.0854116 0.114342 0.0854116 0.0854116 0.144464 0.141454 0.0854116 
0 0 0 0 0 0 0 0 1 0 
0.0758653 0.0758653 0.0758653 0.0758653 0.20914 0.0758653 0.0758653 0.0758653 0.183938 0.0758653 
0 0 0 0 0 0 0 0 0 1 
0.0911497 0.0911497 0.126746 0.0911497 0.0944691 0.0911497 0.0911497 0.140738 0.0911497 0.0911497 
0 0 0 0 0 0 1 0 0 0 
0.0868142 0.0868142 0.14796 0.0868142 0.157527 0.0868142 0.0868142 0.0868142 0.0868142 0.0868142 
0 0 0 0 0 0 0 0 0 0 
0.0864572 0.0864572 0.0936852 0.0864572 0.106875 0.0864572 0.0864572 0.153087 0.12761 0.0864572 
0 0 0 1 0 0 0 0 0 0 
0.0905474 0.0905474 0.166316 0.0905474 0.109305 0.0905474 0.0905474 0.0905474 0.0905474 0.0905474 
0 0 0 0 0 1 0 0 0 0 
0.0885129 0.0885129 0.107395 0.0885129 0.141195 0.0885129 0.0885129 0.128914 0.0914189 0.0885129 
0 0 0 0 0 0 1 0 0 0 
0.089052 0.089052 0.127846 0.089052 0.0924553 0.089052 0.089052 0.156335 0.089052 0.089052 
0 0 0 0 0 0 1 0 0 0 
0.086054 0.086054 0.086054 0.086054 0.152262 0.086054 0.086054 0.101601 0.143759 0.086054 
0 0 0 0 0 0 0 0 0 0 
0.0861731 0.0861731 0.119354 0.0861731 0.0974269 0.0861731 0.0861731 0.180007 0.0861731 0.0861731 
0 0 0 0 0 0 0 0 0 1 
0.0904684 0.0904684 0.180978 0.0904684 0.0952749 0.0904684 0.0904684 0.0904684 0.0904684 0.0904684 
0 0 0 0 0 0 0 1 0 0 
0.0741842 0.0741842 0.0741842 0.0741842 0.0741842 0.0741842 0.0741842 0.298854 0.107672 0.0741842 
0 0 0 0 1 0 0 0 0 0 
0.0931026 0.0931026 0.10474 0.0931026 0.141992 0.0931026 0.0931026 0.10155 0.0931026 0.0931026 
0 0 0 0 0 0 1 0 0 0 
0.0907744 0.0907744 0.130491 0.0907744 0.127409 0.0907744 0.0907744 0.106679 0.0907744 0.0907744 
0 0 0 0 0 0 0 0 0 0 
0.0915531 0.0915531 0.117926 0.0915531 0.149648 0.0915531 0.0915531 0.0915531 0.0915531 0.0915531 
0 0 0 0 0 0 0 0 0 0 
0.0909273 0.0909273 0.113368 0.0909273 0.151942 0.0909273 0.0909273 0.0909273 0.0981989 0.0909273 
0 0 0 0 1 0 0 0 0 0 
0.0886166 0.0886166 0.134719 0.0886166 0.149632 0.0886166 0.0886166 0.0886166 0.0953333 0.0886166 
0 1 0 0 0 0 0 0 0 0 
0.0884038 0.0884038 0.13953 0.0884038 0.15324 0.0884038 0.0884038 0.0884038 0.0884038 0.0884038 
0 0 1 0 0 0 0 0 0 0 
0.0845876 0.0845876 0.184646 0.0845876 0.0845876 0.0845876 0.0845876 0.138653 0.0845876 0.0845876 
0 0 0 0 0 0 0 1 0 0 
0.0744409 0.0744409 0.112511 0.0744409 0.0744409 0.0744409 0.0744409 0.291962 0.0744409 0.0744409 
0 0 1 0 0 0 0 0 0 0 
0.0899209 0.0899209 0.140732 0.0899209 0.0899209 0.0899209 0.0899209 0.1399 0.0899209 0.0899209 
0 0 0 0 0 0 1 0 0 0 
0.0935928 0.0935928 0.135586 0.0935928 0.115672 0.0935928 0.0935928 0.0935928 0.0935928 0.0935928 
0 0 0 0 1 0 0 0 0 0 
0.0886416 0.0886416 0.176032 0.0886416 0.114836 0.0886416 0.0886416 0.0886416 0.0886416 0.0886416 
0 0 0 0 0 0 1 0 0 0 
0.0896041 0.0896041 0.17717 0.0896041 0.105997 0.0896041 0.0896041 0.0896041 0.0896041 0.0896041 
0 0 0 0 0 0 1 0 0 0 
0.0896296 0.0896296 0.139219 0.0896296 0.143744 0.0896296 0.0896296 0.0896296 0.0896296 0.0896296 
0 0 0 0 0 0 0 0 0 1 
0.0905659 0.0905659 0.115537 0.0905659 0.147832 0.0905659 0.0905659 0.100536 0.0927005 0.0905659 
0 1 0 0 0 0 0 0 0 0 
0.0912562 0.0912562 0.0923686 0.0912562 0.139885 0.0912562 0.0912562 0.10253 0.117679 0.0912562 
0 0 0 1 0 0 0 0 0 0 
0.0917569 0.0917569 0.12057 0.0917569 0.0967845 0.0917569 0.0917569 0.140347 0.0917569 0.0917569 
0 0 0 0 0 0 1 0 0 0 
0.0921741 0.0921741 0.158115 0.0921741 0.104493 0.0921741 0.0921741 0.0921741 0.0921741 0.0921741 
0 0 0 0 0 1 0 0 0 0 
0.0788864 0.0788864 0.0788864 0.0788864 0.106982 0.0788864 0.0788864 0.142044 0.198769 0.0788864 
0 0 1 0 0 0 0 0 0 0 
0.0875694 0.0875694 0.0951984 0.0875694 0.11595 0.0875694 0.0875694 0.154597 0.108839 0.0875694 
0 0 0 0 1 0 0 0 0 0 
0.0845336 0.0845336 0.156301 0.0845336 0.16743 0.0845336 0.0845336 0.0845336 0.0845336 0.0845336 
0 0 0 0 0 0 0 1 0 0 
0.0902274 0.0902274 0.118835 0.0902274 0.10168 0.0902274 0.0902274 0.147894 0.0902274 0.0902274 
0 0 0 0 0 0 0 0 0 0 
0.0909346 0.0909346 0.116449 0.0909346 0.126092 0.0909346 0.0909346 0.108924 0.102927 0.0909346 
0 0 0 0 0 0 0 0 0 1 
0.0902114 0.0902114 0.116567 0.0902114 0.161742 0.0902114 0.0902114 0.0902114 0.0902114 0.0902114 
0 0 0 0 0 0 0 0 0 1 
0.0915293 0.0915293 0.101637 0.0915293 0.162642 0.0915293 0.0915293 0.0915293 0.0950164 0.0915293 
0 0 0 0 0 0 0 0 0 1 
0.0685617 0.0685617 0.0685617 0.0685617 0.129259 0.0685617 0.0685617 0.175646 0.215163 0.0685617 
0 0 0 0 1 0 0 0 0 0 
0.0930199 0.0930199 0.138485 0.0930199 0.117356 0.0930199 0.0930199 0.0930199 0.0930199 0.0930199 
0 0 0 0 1 0 0 0 0 0 
0.0872738 0.0872738 0.0923992 0.0872738 0.155922 0.0872738 0.0872738 0.0886996 0.139336 0.0872738 
0 0 0 0 0 0 0 0 0 0 
0.0880144 0.0880144 0.0897343 0.0880144 0.122914 0.0880144 0.0880144 0.124768 0.134497 0.0880144 
0 0 0 0 0 0 1 0 0 0 
0.0898736 0.0898736 0.095377 0.0898736 0.154008 0.0898736 0.0898736 0.0957206 0.115652 0.0898736 
0 1 0 0 0 0 0 0 0 0 
0.091981 0.091981 0.125081 0.091981 0.0954379 0.091981 0.091981 0.135614 0.091981 0.091981 
0 0 1 0 0 0 0 0 0 0 
0.0854635 0.0854635 0.128627 0.0854635 0.0854635 0.0854635 0.0854635 0.187665 0.0854635 0.0854635 
0 0 1 0 0 0 0 0 0 0 
0.0892693 0.0892693 0.114313 0.0892693 0.117199 0.0892693 0.0892693 0.143602 0.0892693 0.0892693 
0 0 0 0 0 0 1 0 0 0 
0.0887017 0.0887017 0.191815 0.0887017 0.0985709 0.0887017 0.0887017 0.0887017 0.0887017 0.0887017 
0 0 0 1 0 0 0 0 0 0 
0.0918925 0.0918925 0.125515 0.0918925 0.119132 0.0918925 0.0918925 0.112105 0.0918925 0.0918925 
0 0 0 0 0 0 1 0 0 0 
0.0887612 0.0887612 0.125437 0.0887612 0.151274 0.0887612 0.0887612 0.10196 0.0887612 0.0887612 
0 1 0 0 0 0 0 0 0 0 
0.0898424 0.0898424 0.0920961 0.0898424 0.136245 0.0898424 0.0898424 0.0898424 0.142763 0.0898424 
0 0 0 0 0 1 0 0 0 0 
0.0898436 0.0898436 0.142103 0.0898436 0.115269 0.0898436 0.0898436 0.113723 0.0898436 0.0898436 
0 0 0 0 1 0 0 0 0 0 
0.0939443 0.0939443 0.117684 0.0939443 0.130369 0.0939443 0.0939443 0.0939443 0.0943364 0.0939443 
0 0 1 0 0 0 0 0 0 0 
0.0869296 0.0869296 0.214701 0.0869296 0.0898625 0.0869296 0.0869296 0.0869296 0.0869296 0.0869296 
0 1 0 0 0 0 0 0 0 0 
0.0897283 0.0897283 0.161102 0.0897283 0.104076 0.0897283 0.0897283 0.106723 0.0897283 0.0897283 
0 0 0 0 0 0 0 1 0 0 
0.0854791 0.0854791 0.145653 0.0854791 0.0854791 0.0854791 0.0854791 0.170513 0.0854791 0.0854791 
0 0 0 0 0 0 0 1 0 0 
0.0859752 0.0859752 0.103479 0.0859752 0.100042 0.0859752 0.0859752 0.179181 0.101446 0.0859752 
0 0 0 0 0 1 0 0 0 0 
0.0882589 0.0882589 0.131732 0.0882589 0.0882589 0.0882589 0.0882589 0.162197 0.0882589 0.0882589 
0 0 0 0 0 0 1 0 0 0 
0.0906855 0.0906855 0.169778 0.0906855 0.0933878 0.0906855 0.0906855 0.102036 0.0906855 0.0906855 
0 0 0 0 0 0 0 0 1 0 
0.0712911 0.0712911 0.0712911 0.0712911 0.116341 0.0712911 0.0712911 0.101586 0.283036 0.0712911 
0 0 0 0 0 0 0 0 0 1 
0.0937263 0.0937263 0.133667 0.0937263 0.116522 0.0937263 0.0937263 0.0937263 0.0937263 0.0937263 
0 0 1 0 0 0 0 0 0 0 
0.0910197 0.0910197 0.120746 0.0910197 0.12556 0.0910197 0.0910197 0.116556 0.0910197 0.0910197 
0 0 0 0 0 1 0 0 0 0 
0.0893836 0.0893836 0.0917046 0.0893836 0.102326 0.0893836 0.0893836 0.164086 0.105582 0.0893836 
0 0 0 0 1 0 0 0 0 0 
0.0855115 0.0855115 0.0855115 0.0855115 0.168188 0.0855115 0.0855115 0.0855115 0.14772 0.0855115 
0 1 0 0 0 0 0 0 0 0 
0.0851446 0.0851446 0.0967774 0.0851446 0.193907 0.0851446 0.0851446 0.0851446 0.113303 0.0851446 
0 0 0 0 0 0 1 0 0 0 
0.0917641 0.0917641 0.112137 0.0917641 0.109014 0.0917641 0.0917641 0.1365 0.0917641 0.0917641 
0 1 0 0 0 0 0 0 0 0 
0.0931367 0.0931367 0.125541 0.0931367 0.113339 0.0931367 0.0931367 0.109163 0.0931367 0.0931367 
0 0 0 1 0 0 0 0 0 0 
0.0897858 0.0897858 0.123877 0.0897858 0.157836 0.0897858 0.0897858 0.0897858 0.0897858 0.0897858 
0 0 0 0 0 0 0 0 0 0 
0.0838409 0.0838409 0.0838409 0.0838409 0.134649 0.0838409 0.0838409 0.121248 0.157217 0.0838409 
0 0 1 0 0 0 0 0 0 0 
0.0910077 0.0910077 0.139614 0.0910077 0.127046 0.0910077 0.0910077 0.096286 0.0910077 0.0910077 
0 0 1 0 0 0 0 0 0 0 
0.0876391 0.0876391 0.188911 0.0876391 0.109976 0.0876391 0.0876391 0.0876391 0.0876391 0.0876391 
0 0 0 0 0 0 1 0 0 0 
0.0911408 0.0911408 0.097883 0.0911408 0.146816 0.0911408 0.0911408 0.0911408 0.117316 0.0911408 
0 0 0 0 0 0 0 1 0 0 
0.0774203 0.0774203 0.102847 0.0774203 0.0774203 0.0774203 0.0774203 0.277791 0.0774203 0.0774203 
0 0 0 0 0 0 0 0 1 0 
0.0620005 0.0620005 0.0620005 0.0620005 0.110192 0.0620005 0.0620005 0.127921 0.327883 0.0620005 
0 0 0 0 0 1 0 0 0 0 
0.0862771 0.0862771 0.114945 0.0862771 0.090351 0.0862771 0.0862771 0.187734 0.0893073 0.0862771 
0 1 0 0 0 0 0 0 0 0 
0.0862444 0.0862444 0.0898134 0.0862444 0.153284 0.0862444 0.0862444 0.0862444 0.153191 0.0862444 
0 0 0 0 0 1 0 0 0 0 
0.0875096 0.0875096 0.146123 0.0875096 0.10875 0.0875096 0.0875096 0.13256 0.0875096 0.0875096 
0 0 1 0 0 0 0 0 0 0 
0.09089 0.09089 0.137537 0.09089 0.120388 0.09089 0.09089 0.105845 0.09089 0.09089 
0 1 0 0 0 0 0 0 0 0 
0.0895213 0.0895213 0.120385 0.0895213 0.107874 0.0895213 0.0895213 0.145092 0.0895213 0.0895213 
0 1 0 0 0 0 0 0 0 0 
0.0889899 0.0889899 0.127582 0.0889899 0.122438 0.0889899 0.0889899 0.127051 0.0889899 0.0889899 
0 0 0 0 0 0 1 0 0 0 
0.0930975 0.0930975 0.162123 0.0930975 0.0930975 0.0930975 0.0930975 0.0930975 0.0930975 0.0930975 
0 0 0 0 0 0 1 0 0 0 
0.0847706 0.0847706 0.109207 0.0847706 0.212627 0.0847706 0.0847706 0.0847706 0.0847706 0.0847706 
0 0 0 0 0 1 0 0 0 0 
0.0835074 0.0835074 0.242378 0.0835074 0.0895623 0.0835074 0.0835074 0.0835074 0.0835074 0.0835074 
0 0 0 0 0 0 1 0 0 0 
0.0882391 0.0882391 0.200006 0.0882391 0.0882391 0.0882391 0.0882391 0.0940819 0.0882391 0.0882391 
0 0 0 0 0 0 0 0 0 1 
0.0887287 0.0887287 0.165871 0.0887287 0.106281 0.0887287 0.0887287 0.106746 0.0887287 0.0887287 
0 0 0 0 1 0 0 0 0 0 
0.0928022 0.0928022 0.11535 0.0928022 0.142233 0.0928022 0.0928022 0.0928022 0.0928022 0.0928022 
0 0 0 0 0 0 0 0 0 0 
0.0912759 0.0912759 0.149432 0.0912759 0.114155 0.0912759 0.0912759 0.0974814 0.0912759 0.0912759 
0 0 0 1 0 0 0 0 0 0 
0.0784513 0.0784513 0.0784513 0.0784513 0.0990217 0.0784513 0.0784513 0.191611 0.160208 0.0784513 
0 0 1 0 0 0 0 0 0 0 
0.0883225 0.0883225 0.140455 0.0883225 0.0930192 0.0883225 0.0883225 0.148268 0.0883225 0.0883225 
0 0 0 0 0 0 0 0 0 1 
0.0908109 0.0908109 0.178266 0.0908109 0.0952469 0.0908109 0.0908109 0.0908109 0.0908109 0.0908109 
0 0 0 0 0 1 0 0 0 0 
0.0912978 0.0912978 0.163464 0.0912978 0.0987746 0.0912978 0.0912978 0.0986773 0.0912978 0.0912978 
0 0 0 0 1 0 0 0 0 0 
0.091306 0.091306 0.120131 0.091306 0.124972 0.091306 0.091306 0.115755 0.091306 0.091306 
0 0 1 0 0 0 0 0 0 0 
0.0896541 0.0896541 0.125712 0.0896541 0.136744 0.0896541 0.0896541 0.109966 0.0896541 0.0896541 
0 0 0 0 0 0 0 0 0 1 
0.0912519 0.0912519 0.109022 0.0912519 0.137503 0.0912519 0.0912519 0.107498 0.0984651 0.0912519 
0 0 1 0 0 0 0 0 0 0 
0.0911097 0.0911097 0.155737 0.0911097 0.104841 0.0911097 0.0911097 0.101654 0.0911097 0.0911097 
0 0 0 0 0 0 0 0 1 0 
0.0676311 0.0676311 0.0676311 0.0676311 0.116661 0.0676311 0.0676311 0.130176 0.279745 0.0676311 
0 0 1 0 0 0 0 0 0 0 
0.0868408 0.0868408 0.160748 0.0868408 0.0892139 0.0868408 0.0868408 0.142152 0.0868408 0.0868408 
0 0 0 0 0 0 0 0 1 0 
0.0887908 0.0887908 0.101632 0.0887908 0.140911 0.0887908 0.0887908 0.0887908 0.135922 0.0887908 
0 0 0 0 0 0 0 1 0 0 
0.0726457 0.0726457 0.0998891 0.0726457 0.0726457 0.0726457 0.0726457 0.318945 0.0726457 0.0726457 
0 0 0 0 0 1 0 0 0 0 
0.0880094 0.0880094 0.138996 0.0880094 0.104878 0.0880094 0.0880094 0.140061 0.0880094 0.0880094 
0 0 0 0 0 0 1 0 0 0 
0.0863721 0.0863721 0.119727 0.0863721 0.107038 0.0863721 0.0863721 0.16863 0.0863721 0.0863721 
0 0 0 0 0 0 0 1 0 0 
0.0864327 0.0864327 0.222106 0.0864327 0.0864327 0.0864327 0.0864327 0.0864327 0.0864327 0.0864327 
0 0 0 0 0 0 0 0 0 1 
0.0890471 0.0890471 0.113963 0.0890471 0.17366 0.0890471 0.0890471 0.0890471 0.0890471 0.0890471 
0 0 0 1 0 0 0 0 0 0 
0.0887479 0.0887479 0.0974965 0.0887479 0.11076 0.0887479 0.0887479 0.170509 0.0887479 0.0887479 
0 1 0 0 0 0 0 0 0 0 
0.0930848 0.0930848 0.150613 0.0930848 0.104709 0.0930848 0.0930848 0.0930848 0.0930848 0.0930848 
0 1 0 0 0 0 0 0 0 0 
0.0891839 0.0891839 0.1064 0.0891839 0.103541 0.0891839 0.0891839 0.165772 0.0891839 0.0891839 
0 0 0 1 0 0 0 0 0 0 
0.084187 0.084187 0.242317 0.084187 0.084187 0.084187 0.084187 0.084187 0.084187 0.084187 
0 0 0 0 0 0 1 0 0 0 
0.0951831 0.0941899 0.150621 0.0941899 0.0948667 0.0941899 0.0941899 0.0941899 0.0941899 0.0941899 
0 0 0 0 1 0 0 0 0 0 
0.0892375 0.0892375 0.167201 0.0892375 0.0980116 0.0892375 0.0892375 0.110125 0.0892375 0.0892375 
0 0 0 0 0 0 1 0 0 0 
0.0855942 0.0855942 0.143319 0.0855942 0.0878981 0.0855942 0.0855942 0.169623 0.0855942 0.0855942 
0 0 0 0 0 1 0 0 0 0 
0.0844699 0.0844699 0.090619 0.0844699 0.156123 0.0844699 0.0844699 0.0844699 0.161968 0.0844699 
0 0 0 0 0 0 0 0 0 0 
0.0882764 0.0882764 0.116379 0.0882764 0.109688 0.0882764 0.0882764 0.155998 0.0882764 0.0882764 
0 0 0 0 0 1 0 0 0 0 
0.0917408 0.0917408 0.15444 0.0917408 0.106012 0.0917408 0.0917408 0.0973632 0.0917408 0.0917408 
0 1 0 0 0 0 0 0 0 0 
0.0923933 0.0923933 0.121939 0.0923933 0.136622 0.0923933 0.0923933 0.0946864 0.0923933 0.0923933 
0 0 0 0 0 1 0 0 0 0 
0.0874531 0.0874531 0.0956217 0.0874531 0.128026 0.0874531 0.0874531 0.137282 0.114352 0.0874531 
0 0 0 0 1 0 0 0 0 0 
0.0848587 0.0848587 0.12391 0.0848587 0.0898152 0.0848587 0.0848587 0.192264 0.0848587 0.0848587 
0 0 0 0 1 0 0 0 0 0 
0.0879301 0.0879301 0.10018 0.0879301 0.132295 0.0879301 0.0879301 0.125329 0.114615 0.0879301 
0 1 0 0 0 0 0 0 0 0 
0.0898602 0.0898602 0.150894 0.0898602 0.110697 0.0898602 0.0898602 0.109387 0.0898602 0.0898602 
0 0 0 0 0 1 0 0 0 0 
0.0919871 0.0919871 0.115847 0.0919871 0.130826 0.0919871 0.0919871 0.109418 0.0919871 0.0919871 
0 0 0 0 0 0 0 0 0 1 
0.0938978 0.0938978 0.150212 0.0938978 0.0986063 0.0938978 0.0938978 0.0938978 0.0938978 0.0938978 
0 0 0 0 0 0 0 1 0 0 
0.0880874 0.0880874 0.11752 0.0880874 0.099784 0.0880874 0.0880874 0.166084 0.0880874 0.0880874 
0 0 0 0 0 0 0 0 0 0 
0.087491 0.087491 0.100645 0.087491 0.173759 0.087491 0.087491 0.087491 0.113158 0.087491 
0 0 0 0 0 0 0 0 1 0 
0.085272 0.085272 0.0918926 0.085272 0.0949493 0.085272 0.085272 0.13445 0.167076 0.085272 
0 0 0 0 1 0 0 0 0 0 
0.086511 0.086511 0.119564 0.086511 0.132035 0.086511 0.086511 0.142824 0.086511 0.086511 
0 1 0 0 0 0 0 0 0 0 
0.0898417 0.0898417 0.11439 0.0898417 0.0898417 0.0898417 0.0898417 0.158481 0.0982366 0.0898417 
0 0 0 0 0 1 0 0 0 0 
0.0882167 0.0882167 0.168409 0.0882167 0.0975434 0.0882167 0.0882167 0.11653 0.0882167 0.0882167 
0 0 0 0 0 0 0 0 0 0 
0.0909547 0.0909547 0.131851 0.0909547 0.116365 0.0909547 0.0909547 0.1151 0.0909547 0.0909547 
0 0 0 0 0 0 1 0 0 0 
0.0944515 0.0944515 0.106177 0.0944515 0.11756 0.0944515 0.0944515 0.0947742 0.114779 0.0944515 
0 1 0 0 0 0 0 0 0 0 
0.0924009 0.0924009 0.141665 0.0924009 0.119128 0.0924009 0.0924009 0.0924009 0.0924009 0.0924009 
0 1 0 0 0 0 0 0 0 0 
0.0854851 0.0854851 0.11647 0.0854851 0.0945705 0.0854851 0.0854851 0.177205 0.098844 0.0854851 
0 0 0 0 0 0 0 1 0 0 
0.091361 0.091361 0.112546 0.091361 0.135149 0.091361 0.091361 0.101786 0.102353 0.091361 
0 0 1 0 0 0 0 0 0 0 
0.0886977 0.0886977 0.159656 0.0886977 0.102062 0.0886977 0.0886977 0.117399 0.0886977 0.0886977 
0 0 0 0 0 0 1 0 0 0 
0.0903274 0.0903274 0.128001 0.0903274 0.14938 0.0903274 0.0903274 0.0903274 0.0903274 0.0903274 
0 0 0 1 0 0 0 0 0 0 
0.0887166 0.0887166 0.142968 0.0887166 0.0925783 0.0887166 0.0887166 0.143437 0.0887166 0.0887166 
0 0 0 0 0 0 0 0 0 0 
0.0930183 0.0930183 0.139008 0.0930183 0.104665 0.0930183 0.0930183 0.105198 0.0930183 0.0930183 
0 0 0 0 0 0 1 0 0 0 
0.0904189 0.0904189 0.172376 0.0904189 0.104273 0.0904189 0.0904189 0.0904189 0.0904189 0.0904189 
0 0 1 0 0 0 0 0 0 0 
0.0882505 0.0882505 0.156614 0.0882505 0.137382 0.0882505 0.0882505 0.0882505 0.0882505 0.0882505 
0 0 0 0 0 0 0 0 0 0 
0.090639 0.090639 0.130063 0.090639 0.100078 0.090639 0.090639 0.135386 0.090639 0.090639 
0 0 1 0 0 0 0 0 0 0 
0.0887919 0.0887919 0.152307 0.0887919 0.137358 0.0887919 0.0887919 0.0887919 0.0887919 0.0887919 
0 0 0 0 1 0 0 0 0 0 
0.0777616 0.0777616 0.0777616 0.0777616 0.152207 0.0777616 0.0777616 0.100282 0.203179 0.0777616 
0 0 1 0 0 0 0 0 0 0 
0.0914247 0.0914247 0.16615 0.0914247 0.0987825 0.0914247 0.0914247 0.0950946 0.0914247 0.0914247 
0 0 0 0 0 1 0 0 0 0 
0.0870818 0.0870818 0.130092 0.0870818 0.100637 0.0870818 0.0870818 0.159698 0.0870818 0.0870818 
0 0 0 0 0 0 1 0 0 0 
0.0910768 0.0910768 0.161303 0.0910768 0.110082 0.0910768 0.0910768 0.0910768 0.0910768 0.0910768 
0 0 0 0 0 0 0 0 0 0 
0.0871207 0.0871207 0.0890275 0.0871207 0.144349 0.0871207 0.0871207 0.113528 0.130371 0.0871207 
0 0 0 0 0 0 0 1 0 0 
0.0718578 0.0718578 0.106134 0.0718578 0.0718578 0.0718578 0.0718578 0.319004 0.0718578 0.0718578 
0 0 0 0 0 0 0 0 0 1 
0.0930068 0.0930068 0.126597 0.0930068 0.106986 0.0930068 0.0930068 0.11537 0.0930068 0.0930068 
0 0 0 0 0 0 1 0 0 0 
0.0828667 0.0828667 0.21485 0.0828667 0.122217 0.0828667 0.0828667 0.0828667 0.0828667 0.0828667 
0 0 0 0 0 0 0 1 0 0 
0.0779266 0.0779266 0.109056 0.0779266 0.0779266 0.0779266 0.0779266 0.267531 0.0779266 0.0779266 
0 1 0 0 0 0 0 0 0 0 
0.0836693 0.0836693 0.0836693 0.0836693 0.10768 0.0836693 0.0836693 0.120215 0.18642 0.0836693 
0 0 0 0 0 0 0 1 0 0 
0.0834753 0.0834753 0.191904 0.0834753 0.0834753 0.0834753 0.0834753 0.140294 0.0834753 0.0834753 
0 0 0 0 1 0 0 0 0 0 
0.08986 0.08986 0.104073 0.08986 0.154685 0.08986 0.08986 0.08986 0.112221 0.08986 
0 0 0 0 0 0 0 1 0 0 
0.0897354 0.0897354 0.0977026 0.0897354 0.123727 0.0897354 0.0897354 0.142236 0.0979218 0.0897354 
0 0 0 0 0 0 0 0 0 1 
0.0731273 0.0731273 0.0731273 0.0731273 0.104851 0.0731273 0.0731273 0.165143 0.218115 0.0731273 
0 0 0 0 0 0 0 0 0 0 
0.0856956 0.0856956 0.112918 0.0856956 0.181065 0.0856956 0.0856956 0.0856956 0.106147 0.0856956 
0 1 0 0 0 0 0 0 0 0 
0.0921325 0.0921325 0.114577 0.0921325 0.131683 0.0921325 0.0921325 0.108813 0.0921325 0.0921325 
0 0 0 0 0 0 1 0 0 0 
0.0894849 0.0894849 0.10308 0.0894849 0.137729 0.0894849 0.0894849 0.0894849 0.132796 0.0894849 
0 0 0 0 0 0 0 0 1 0 
0.0549956 0.0549956 0.0549956 0.0549956 0.101282 0.0549956 0.0549956 0.131093 0.382656 0.0549956 
0 0 1 0 0 0 0 0 0 0 
0.09067 0.09067 0.168044 0.09067 0.106596 0.09067 0.09067 0.09067 0.09067 0.09067 
0 0 0 0 0 1 0 0 0 0 
0.0902765 0.0902765 0.128028 0.0902765 0.140013 0.0902765 0.0902765 0.100023 0.0902765 0.0902765 
0 0 1 0 0 0 0 0 0 0 
0.0883145 0.0883145 0.132571 0.0883145 0.0883145 0.0883145 0.0883145 0.160913 0.0883145 0.0883145 
0 0 0 0 0 0 0 0 0 0 
0.0841556 0.0841556 0.0841556 0.0841556 0.122023 0.0841556 0.0841556 0.13662 0.152268 0.0841556 
0 0 0 0 0 0 0 1 0 0 
0.0883628 0.0883628 0.150838 0.0883628 0.14226 0.0883628 0.0883628 0.0883628 0.0883628 0.0883628 
0 1 0 0 0 0 0 0 0 0 
0.0942869 0.0942869 0.120238 0.0942869 0.117068 0.0942869 0.0942869 0.102686 0.0942869 0.0942869 
0 0 0 1 0 0 0 0 0 0 
0.101578 0.093585 0.134337 0.093585 0.10899 0.093585 0.093585 0.093585 0.093585 0.093585 
0 0 0 0 0 0 0 0 0 0 
0.0893154 0.0893154 0.103208 0.0893154 0.10328 0.0893154 0.0893154 0.150047 0.107572 0.0893154 
0 0 0 0 0 0 0 0 0 1 
0.0887432 0.0887432 0.0983656 0.0887432 0.120524 0.0887432 0.0887432 0.144812 0.103838 0.0887432 
0 0 0 0 0 0 0 0 1 0 
0.0714452 0.0714452 0.0714452 0.0714452 0.142491 0.0714452 0.0714452 0.0958003 0.261592 0.0714452 
0 1 0 0 0 0 0 0 0 0 
0.091866 0.091866 0.129316 0.091866 0.112428 0.091866 0.091866 0.115194 0.091866 0.091866 
0 0 0 0 0 0 0 0 1 0 
0.0801912 0.0801912 0.0801912 0.0801912 0.144438 0.0801912 0.0801912 0.158827 0.135397 0.0801912 
0 0 0 0 0 0 0 1 0 0 
0.0895947 0.0895947 0.115518 0.0895947 0.141263 0.0895947 0.0895947 0.116056 0.0895947 0.0895947 
0 0 0 0 0 0 0 1 0 0 
0.0944318 0.0944318 0.141007 0.0944318 0.103539 0.0944318 0.0944318 0.0944318 0.0944318 0.0944318 
0 0 0 0 0 0 0 0 1 0 
0.0897171 0.0897171 0.128075 0.0897171 0.117026 0.0897171 0.0897171 0.12688 0.0897171 0.0897171 
0 0 0 0 0 0 0 1 0 0 
0.0809 0.0809 0.179377 0.0809 0.0809 0.0809 0.0809 0.173422 0.0809 0.0809 
0 0 0 0 0 0 0 0 1 0 
0.0631191 0.0631191 0.0631191 0.0631191 0.105556 0.0631191 0.0631191 0.115362 0.337249 0.0631191 
0 0 0 0 0 0 1 0 0 0 
0.089437 0.089437 0.163844 0.089437 0.12066 0.089437 0.089437 0.089437 0.089437 0.089437 
0 1 0 0 0 0 0 0 0 0 
0.0859708 0.0859708 0.226263 0.0859708 0.0859708 0.0859708 0.0859708 0.0859708 0.0859708 0.0859708 
0 0 0 0 0 0 0 0 0 1 
0.0755444 0.0755444 0.0755444 0.0755444 0.167913 0.0755444 0.0755444 0.0923385 0.210938 0.0755444 
0 0 0 0 0 0 1 0 0 0 
0.0911948 0.0911948 0.158293 0.0911948 0.112148 0.0911948 0.0911948 0.0911948 0.0911948 0.0911948 
0 0 0 0 1 0 0 0 0 0 
0.0909942 0.0909942 0.146183 0.0909942 0.125864 0.0909942 0.0909942 0.0909942 0.0909942 0.0909942 
0 0 0 0 1 0 0 0 0 0 
0.0909036 0.0909036 0.136497 0.0909036 0.136274 0.0909036 0.0909036 0.0909036 0.0909036 0.0909036 
0 0 0 0 0 0 1 0 0 0 
0.0908288 0.0908288 0.144738 0.0908288 0.128632 0.0908288 0.0908288 0.0908288 0.0908288 0.0908288 
0 0 1 0 0 0 0 0 0 0 
0.0920986 0.0920986 0.125402 0.0920986 0.137809 0.0920986 0.0920986 0.0920986 0.0920986 0.0920986 
0 0 0 0 0 0 0 1 0 0 
0.086476 0.086476 0.107806 0.086476 0.116291 0.086476 0.086476 0.131627 0.125421 0.086476 
0 0 0 0 0 0 0 1 0 0 
0.0809839 0.0809839 0.122814 0.0809839 0.0809839 0.0809839 0.0809839 0.229315 0.0809839 0.0809839 
0 0 0 1 0 0 0 0 0 0 
0.0908622 0.0908622 0.181089 0.0908622 0.0920133 0.0908622 0.0908622 0.0908622 0.0908622 0.0908622 
0 0 0 0 0 1 0 0 0 0 
0.0940193 0.0940193 0.131595 0.0940193 0.116251 0.0940193 0.0940193 0.0940193 0.0940193 0.0940193 
0 0 0 0 0 0 0 0 1 0 
0.0830707 0.0830707 0.0848702 0.0830707 0.107781 0.0830707 0.0830707 0.16844 0.140484 0.0830707 
0 0 0 0 0 0 0 0 0 0 
0.0890253 0.0890253 0.104606 0.0890253 0.145894 0.0890253 0.0890253 0.107299 0.10805 0.0890253 
0 0 1 0 0 0 0 0 0 0 
0.0861512 0.0861512 0.0912746 0.0861512 0.216911 0.0861512 0.0861512 0.0887556 0.0861512 0.0861512 
0 0 0 0 0 1 0 0 0 0 
0.0921692 0.0921692 0.128791 0.0921692 0.133855 0.0921692 0.0921692 0.0921692 0.0921692 0.0921692 
0 0 0 0 0 0 0 0 0 1 
0.0879218 0.0879218 0.104566 0.0879218 0.119943 0.0879218 0.0879218 0.144929 0.103031 0.0879218 
0 1 0 0 0 0 0 0 0 0 
0.0819255 0.0819255 0.0819255 0.0819255 0.14369 0.0819255 0.0819255 0.110462 0.17237 0.0819255 
0 0 0 0 0 0 0 0 0 0 
0.0888664 0.0888664 0.101898 0.0888664 0.136557 0.0888664 0.0888664 0.105674 0.122672 0.0888664 
0 0 0 0 0 0 0 0 0 1 
0.0891805 0.0891805 0.187768 0.0891805 0.0987877 0.0891805 0.0891805 0.0891805 0.0891805 0.0891805 
0 0 0 0 0 0 0 0 1 0 
0.0617566 0.0617566 0.0617566 0.0617566 0.182556 0.0617566 0.0617566 0.0617566 0.323392 0.0617566 
0 0 0 0 0 0 0 0 0 0 
0.0903399 0.0903399 0.101012 0.0903399 0.176269 0.0903399 0.0903399 0.0903399 0.0903399 0.0903399 
0 0 1 0 0 0 0 0 0 0 
0.0875285 0.0875285 0.202693 0.0875285 0.0970791 0.0875285 0.0875285 0.0875285 0.0875285 0.0875285 
0 0 1 0 0 0 0 0 0 0 
0.0886948 0.0886948 0.201746 0.0886948 0.0886948 0.0886948 0.0886948 0.0886948 0.0886948 0.0886948 
0 0 0 0 0 0 0 0 0 0 
0.0856977 0.0856977 0.139161 0.0856977 0.175257 0.0856977 0.0856977 0.0856977 0.0856977 0.0856977 
0 0 0 0 0 1 0 0 0 0 
0.0883167 0.0883167 0.0961685 0.0883167 0.100088 0.0883167 0.0883167 0.137091 0.136752 0.0883167 
0 0 1 0 0 0 0 0 0 0 
0.0888202 0.0888202 0.0984937 0.0888202 0.123903 0.0888202 0.0888202 0.133101 0.111581 0.0888202 
0 0 0 0 0 0 1 0 0 0 
0.0876666 0.0876666 0.127631 0.0876666 0.171037 0.0876666 0.0876666 0.0876666 0.0876666 0.0876666 
0 0 0 0 1 0 0 0 0 0 
0.0918263 0.0918263 0.137598 0.0918263 0.107884 0.0918263 0.0918263 0.111735 0.0918263 0.0918263 
0 0 1 0 0 0 0 0 0 0 
0.0883115 0.0883115 0.17671 0.0883115 0.116798 0.0883115 0.0883115 0.0883115 0.0883115 0.0883115 
0 0 1 0 0 0 0 0 0 0 
0.0876314 0.0876314 0.157294 0.0876314 0.124189 0.0876314 0.0876314 0.105097 0.0876314 0.0876314 
0 0 0 0 0 0 1 0 0 0 
0.0851969 0.0851969 0.0851969 0.0851969 0.170602 0.0851969 0.0851969 0.0851969 0.147823 0.0851969 
0 0 1 0 0 0 0 0 0 0 
0.0888579 0.0888579 0.122318 0.0888579 0.117565 0.0888579 0.0888579 0.138112 0.0888579 0.0888579 
0 0 1 0 0 0 0 0 0 0 
0.0893297 0.0893297 0.12772 0.0893297 0.15093 0.0893297 0.0893297 0.0893297 0.0960424 0.0893297 
0 0 0 0 0 0 0 0 1 0 
0.0715266 0.0715266 0.0715266 0.0715266 0.174065 0.0715266 0.0715266 0.0715266 0.253722 0.0715266 
0 0 0 0 0 0 0 0 0 1 
0.0879768 0.0879768 0.0879768 0.0879768 0.135577 0.0879768 0.0879768 0.121134 0.127452 0.0879768 
0 0 0 0 0 0 0 0 0 0 
0.0680086 0.0680086 0.0680086 0.0680086 0.163272 0.0680086 0.0680086 0.0877874 0.272881 0.0680086 
0 1 0 0 0 0 0 0 0 0 
0.0891592 0.0891592 0.106093 0.0891592 0.14082 0.0891592 0.0891592 0.0913577 0.126774 0.0891592 
0 0 0 0 0 0 1 0 0 0 
0.0905305 0.0905305 0.11886 0.0905305 0.156895 0.0905305 0.0905305 0.0905305 0.0905305 0.0905305 
0 0 0 0 0 0 1 0 0 0 
0.0874774 0.0874774 0.0929423 0.0874774 0.124786 0.0874774 0.0874774 0.138526 0.118881 0.0874774 
0 0 0 0 1 0 0 0 0 0 
0.0808342 0.0808342 0.0808342 0.0808342 0.122654 0.0808342 0.0808342 0.131916 0.17959 0.0808342 
0 0 0 0 0 0 1 0 0 0 
0.0808695 0.0808695 0.0808695 0.0808695 0.116099 0.0808695 0.0808695 0.169235 0.148579 0.0808695 
0 0 0 0 0 1 0 0 0 0 
0.0910334 0.0910334 0.135183 0.0910334 0.134978 0.0910334 0.0910334 0.0926058 0.0910334 0.0910334 
0 1 0 0 0 0 0 0 0 0 
0.0905483 0.0905483 0.0905483 0.0905483 0.155894 0.0905483 0.0905483 0.109334 0.100934 0.0905483 
0 0 1 0 0 0 0 0 0 0 
0.0937622 0.0937622 0.115296 0.0937622 0.121928 0.0937622 0.0937622 0.105934 0.0942679 0.0937622 
0 0 0 0 0 1 0 0 0 0 
0.0916213 0.0916213 0.120155 0.0916213 0.122512 0.0916213 0.0916213 0.115983 0.0916213 0.0916213 
0 0 0 0 0 0 1 0 0 0 
0.0873166 0.0873166 0.165121 0.0873166 0.136346 0.0873166 0.0873166 0.0873166 0.0873166 0.0873166 
0 0 0 0 0 0 1 0 0 0 
0.0894823 0.0894823 0.123048 0.0894823 0.161094 0.0894823 0.0894823 0.0894823 0.0894823 0.0894823 
0 1 0 0 0 0 0 0 0 0 
0.0840737 0.0840737 0.0840737 0.0840737 0.119328 0.0840737 0.0840737 0.115559 0.176596 0.0840737 
0 0 0 0 0 0 0 1 0 0 
0.0891849 0.0891849 0.105787 0.0891849 0.120842 0.0891849 0.0891849 0.147366 0.0908956 0.0891849 
0 0 0 0 0 1 0 0 0 0 
0.0905064 0.0905064 0.134425 0.0905064 0.119129 0.0905064 0.0905064 0.112901 0.0905064 0.0905064 
0 0 0 0 0 0 0 0 0 0 
0.0891475 0.0891475 0.137429 0.0891475 0.149391 0.0891475 0.0891475 0.0891475 0.0891475 0.0891475 
0 0 0 0 0 0 1 0 0 0 
0.0875199 0.0875199 0.139886 0.0875199 0.159955 0.0875199 0.0875199 0.0875199 0.0875199 0.0875199 
0 0 0 0 0 0 0 0 0 1 
0.0869754 0.0869754 0.15774 0.0869754 0.132713 0.0869754 0.0869754 0.100719 0.0869754 0.0869754 
0 0 0 0 0 0 1 0 0 0 
0.0925328 0.0925328 0.135381 0.0925328 0.0979879 0.0925328 0.0925328 0.118901 0.0925328 0.0925328 
0 0 1 0 0 0 0 0 0 0 
0.0839131 0.0839131 0.166328 0.0839131 0.0839131 0.0839131 0.0839131 0.162367 0.0839131 0.0839131 
0 0 0 0 0 0 1 0 0 0 
0.081966 0.081966 0.18548 0.081966 0.081966 0.081966 0.081966 0.158792 0.081966 0.081966 
0 0 0 0 0 0 1 0 0 0 
0.0938118 0.0938118 0.117781 0.0938118 0.119181 0.0938118 0.0938118 0.106355 0.0938118 0.0938118 
0 0 0 0 0 0 0 1 0 0 
0.0891172 0.0891172 0.141099 0.0891172 0.103445 0.0891172 0.0891172 0.131636 0.0891172 0.0891172 
0 0 0 1 0 0 0 0 0 0 
0.0824826 0.0824826 0.203886 0.0824826 0.0824826 0.0824826 0.0824826 0.136253 0.0824826 0.0824826 
0 0 0 0 0 0 0 0 0 0 
0.0800321 0.0800321 0.0800321 0.0800321 0.122177 0.0800321 0.0800321 0.151287 0.166312 0.0800321 
0 0 0 0 1 0 0 0 0 0 
0.090013 0.090013 0.102073 0.090013 0.112962 0.090013 0.090013 0.135419 0.109468 0.090013 
0 0 0 0 0 1 0 0 0 0 
0.089796 0.089796 0.102554 0.089796 0.144074 0.089796 0.089796 0.124801 0.089796 0.089796 
0 0 0 0 0 0 0 1 0 0 
0.0860548 0.0860548 0.183668 0.0860548 0.0860548 0.0860548 0.0860548 0.127894 0.0860548 0.0860548 
0 0 0 0 0 0 1 0 0 0 
0.0889177 0.0889177 0.190053 0.0889177 0.0986057 0.0889177 0.0889177 0.0889177 0.0889177 0.0889177 
0 0 1 0 0 0 0 0 0 0 
0.0944294 0.0944294 0.106835 0.0944294 0.113613 0.0944294 0.0944294 0.0946461 0.11833 0.0944294 
0 0 0 0 0 0 0 0 1 0 
0.05313 0.05313 0.05313 0.05313 0.138251 0.05313 0.05313 0.0717199 0.418119 0.05313 
0 0 0 0 0 0 1 0 0 0 
0.0887221 0.0887221 0.152132 0.0887221 0.138092 0.0887221 0.0887221 0.0887221 0.0887221 0.0887221 
0 0 0 0 0 0 0 0 0 1 
0.0887329 0.0887329 0.0887329 0.0887329 0.11174 0.0887329 0.0887329 0.0979874 0.169142 0.0887329 
0 0 0 0 1 0 0 0 0 0 
0.0934388 0.0934388 0.116324 0.0934388 0.126418 0.0934388 0.0934388 0.0942269 0.102398 0.0934388 
0 0 1 0 0 0 0 0 0 0 
0.0899068 0.0899068 0.0992064 0.0899068 0.128331 0.0899068 0.0899068 0.124365 0.108657 0.0899068 
0 1 0 0 0 0 0 0 0 0 
0.0896118 0.0896118 0.122723 0.0896118 0.108328 0.0896118 0.0896118 0.141666 0.0896118 0.0896118 
0 0 0 1 0 0 0 0 0 0 
0.0908897 0.0908897 0.165973 0.0908897 0.0912474 0.0908897 0.0908897 0.106552 0.0908897 0.0908897 
0 0 0 0 0 0 0 1 0 0 
0.0891672 0.0891672 0.109684 0.0891672 0.176979 0.0891672 0.0891672 0.0891672 0.0891672 0.0891672 
0 0 0 0 0 0 0 0 1 0 
0.0584855 0.0584855 0.0584855 0.0584855 0.187335 0.0584855 0.0584855 0.0641967 0.339069 0.0584855 
0 0 0 0 0 0 0 1 0 0 
0.0918712 0.0918712 0.112861 0.0918712 0.150313 0.0918712 0.0918712 0.0937273 0.0918712 0.0918712 
0 0 1 0 0 0 0 0 0 0 
0.094133 0.094133 0.138826 0.094133 0.100654 0.094133 0.094133 0.101588 0.094133 0.094133 
0 1 0 0 0 0 0 0 0 0 
0.0797021 0.0797021 0.0797021 0.0797021 0.169731 0.0797021 0.0797021 0.0797021 0.192652 0.0797021 

